align matrix:
A	0	1	389	392	0	69	0
T	113	33	0	0	263	118	101
C	221	31	5	1	131	42	245
G	60	329	0	1	0	154	48
align matrix:
A	0	380	385	0	370	391	0	156	96	23	15	0	48	47	7	4	378	380	0	146	0	4	376	380	0	58	8	0	393	393	0
T	41	1	0	241	10	0	139	17	7	183	163	46	124	280	0	78	5	0	254	103	13	22	13	0	252	78	6	33	0	0	180
C	27	0	2	148	4	0	255	31	233	87	85	322	125	0	329	27	5	8	130	48	333	59	0	1	126	47	272	19	0	0	213
G	315	2	7	5	10	3	0	190	58	101	131	26	97	67	58	285	6	6	10	97	48	309	5	13	16	211	108	342	0	0	0
++++++++++++++++++++++++++++++++++++++++++++++++++++++
align matrix:
A	119	0	123	115	0	64	36	3	7	9	1	172	167	7	2	29	1	197	188	0	94	71	0	117	107	3	96	81	0	20	10	2	205	199	0	16	14	0	206	205	1	156	120	0	189	197	0	181	144	0
T	34	23	49	31	22	11	8	72	119	102	28	24	30	50	65	142	1	12	1	28	69	87	70	42	1	53	25	0	61	58	0	15	4	0	38	61	128	4	4	1	9	24	9	8	10	5	13	0	65	55
C	50	142	28	16	177	0	119	67	47	8	83	12	1	153	45	2	70	1	0	161	4	0	121	31	68	118	60	65	82	12	48	156	0	5	169	18	51	62	0	0	198	10	48	141	5	2	180	6	0	150
G	7	45	8	48	11	135	47	68	37	91	98	2	12	0	98	37	138	0	0	0	43	31	19	20	34	36	29	64	67	120	152	37	1	6	3	115	17	144	0	4	2	20	33	61	6	6	17	12	1	5
++++++++++++++++++++++++++++++++++++++++++++++++++++++
align matrix:
A	3	24	28	1	110	104	1
T	66	9	107	26	23	4	44
C	57	2	7	80	3	16	84
G	16	107	0	32	6	18	13
align matrix:
A	65	37	8	35	79	8	8	12	1	106	77	3	23	9	1
T	41	0	33	32	9	37	3	0	27	20	0	78	25	82	10
C	27	90	47	2	47	74	0	12	99	5	41	41	46	27	72
G	9	15	54	73	7	23	131	118	15	11	24	20	48	24	59
align matrix:
A	125	123	0	134	126	0	130	134	1	8	10	4	61	88	0	129	129	4	31	24	0	106	106
T	16	3	21	7	4	7	8	1	47	19	7	40	67	14	28	4	3	52	28	6	25	21	20
C	0	1	109	0	5	127	0	1	89	20	96	47	4	25	101	8	0	85	8	47	88	7	6
G	1	15	12	1	7	8	4	6	5	95	29	51	10	15	13	1	10	1	75	64	29	8	10
++++++++++++++++++++++++++++++++++++++++++++++++++++++
######################################################
align matrix:
A	23	31	0	81	137	0	76
T	48	156	9	64	35	42	92
C	8	27	151	27	12	200	24
G	166	31	85	73	61	3	53
align matrix:
A	34	1	58	100	0	9	12	0	102	96	3	9	9	0	105	100	0	80	96	0	88	120	0	89	89	0	17	21	4
T	7	31	37	8	56	22	0	40	55	20	120	51	115	9	40	16	18	114	37	20	68	5	4	85	44	39	25	4	74
C	137	141	26	66	164	15	19	157	23	47	111	36	95	102	9	19	226	8	22	183	22	14	215	22	32	205	12	156	71
G	67	72	124	71	25	199	214	48	65	82	11	149	26	134	91	110	1	43	90	42	67	106	15	49	80	1	191	64	96
++++++++++++++++++++++++++++++++++++++++++++++++++++++
align matrix:
A	0	48	4	0	143	175	0	153	25	0	0
T	276	40	3	48	98	39	200	60	294	44	9
C	91	50	292	18	45	62	176	11	11	334	0
G	11	241	80	307	93	103	3	155	49	1	362
++++++++++++++++++++++++++++++++++++++++++++++++++++++
align matrix:
A	3	0	99	133	1	21	7	1	74	125	0	84	129	0	61	85	8	60	51	0	88	116
T	8	31	62	44	75	111	153	18	89	12	9	118	36	22	77	37	47	81	22	69	48	19
C	56	186	38	14	172	32	57	92	19	1	248	13	12	234	18	25	168	15	32	156	17	54
G	190	39	58	66	9	93	40	146	75	99	0	42	80	1	101	110	34	101	152	32	104	68
++++++++++++++++++++++++++++++++++++++++++++++++++++++
######################################################
align matrix:
A	185	54	87	119	82	47	0	41	48	67	30	121	0	34	93	61	20	30	17	32	64	35	32	37	75	40	23	43	1	61	75	57	16	189	8	138	103	76	48	16	37	34	3
T	23	3	8	32	12	0	0	12	17	116	46	0	206	73	42	117	24	53	20	57	28	62	26	10	5	37	168	166	75	15	26	10	0	1	49	0	0	34	1	192	64	12	205
C	0	7	50	26	44	164	1	52	90	12	40	14	5	78	53	26	67	1	165	73	81	112	86	70	93	104	18	4	122	87	31	52	8	11	153	75	2	18	17	9	54	2	9
G	0	143	62	32	72	0	211	106	56	16	95	76	0	26	23	7	100	126	8	50	40	4	70	97	41	33	5	1	16	51	83	96	191	14	5	3	111	88	150	0	62	169	0
align matrix:
A	27	32	0	34	45	153	55	19	41	17	49	20	42	25	34	7	56	100	72	95	111	56	94	49	36	31	18	3	177	13	43	42	119	18
T	40	23	199	35	46	43	80	0	4	31	36	136	44	122	174	75	27	9	24	0	1	18	21	21	41	173	194	70	6	190	53	72	33	61
C	62	140	1	86	30	7	28	161	166	33	87	36	67	55	2	75	31	64	65	90	46	41	46	58	64	8	1	104	14	6	108	57	18	81
G	72	7	2	59	93	11	51	34	2	132	41	21	59	10	2	55	98	40	52	28	55	98	52	85	72	1	0	34	14	2	6	39	39	49
align matrix:
A	5	22	0	37	83	14	11	57	90	47	130	113	69	13	39	67	196	170	116	0	2	61	135	14	49	25	142	8	48	92	49	2	13	40	62	10	38	64	156	44	63	41	23	14	2	40	71	153	110	31	131	49	5	75	1	111	1	27	53	48	30	46	108
T	53	12	0	60	120	2	47	0	40	12	18	52	16	2	0	31	10	7	8	2	0	51	9	48	19	5	58	50	95	61	37	13	3	34	31	131	30	19	24	39	6	12	29	48	204	32	5	2	27	46	12	48	126	62	59	46	199	31	29	12	30	22	41
C	144	0	175	94	0	55	137	153	1	48	24	35	56	0	4	93	5	1	7	0	0	81	47	138	53	150	11	134	29	16	95	13	107	97	64	46	87	23	13	84	138	9	58	100	6	28	71	42	19	48	32	52	47	13	78	36	6	39	98	28	47	74	10
G	13	182	41	25	12	144	20	4	83	107	42	14	73	199	171	23	3	36	83	212	212	21	23	13	92	33	1	20	40	43	31	184	89	41	55	25	57	106	19	45	5	150	102	50	0	112	65	16	57	88	38	64	35	63	75	19	5	115	32	124	104	69	46
align matrix:
A	5	17	172	186	113	57	5	32	0	216	0	111	3	45	43	51	73	126	175	57	0	113	2	0	16	0	25	121	24	122	42	32	161	0	63	27	120	7
T	208	18	9	27	3	57	104	45	0	0	95	28	210	58	48	2	25	22	1	26	217	100	94	217	198	103	96	27	33	45	0	48	0	201	33	31	14	47
C	0	45	33	4	7	41	30	87	0	0	120	7	4	80	108	54	68	54	24	35	0	0	121	0	3	114	47	69	112	38	57	92	14	15	73	60	60	118
G	4	137	3	0	94	62	78	53	217	1	2	71	0	34	17	110	51	15	17	99	0	4	0	0	0	0	49	0	48	11	117	44	41	0	47	98	22	44
align matrix:
A	1	1	66	123	8	46	9	15	17	134	2	49	1	2	62	159	169	6	3	98	46	148	2	57	119	4	52	2	213	57	41	35	38	15	27	26	18	4
T	0	0	45	26	204	34	2	1	47	5	208	34	0	0	27	22	15	89	15	105	26	29	33	42	89	6	44	0	0	8	62	157	47	133	169	84	1	14
C	0	0	55	57	4	43	176	194	48	59	7	93	2	0	99	6	10	114	155	0	26	33	158	47	0	89	101	212	0	7	82	4	34	42	12	100	1	166
G	215	215	50	10	0	93	30	7	105	19	0	41	214	215	29	30	22	6	42	12	117	5	22	68	6	115	17	0	1	141	28	17	95	24	6	6	196	32
align matrix:
A	31	114	96	11	88	26	23	3	142	4	8	0	29	91	168	4	22	97	66	31	0	37	3	210	0	34	205	34	24	47	1	83	0	51	201
T	13	7	114	93	34	166	27	190	63	92	36	182	26	30	6	72	6	6	19	72	211	40	3	2	91	4	5	45	149	138	50	38	152	13	0
C	95	63	3	66	52	20	97	11	1	107	164	28	50	8	26	132	46	59	40	98	4	55	1	0	122	176	0	90	41	0	113	18	25	121	5
G	75	30	1	44	40	2	67	10	9	12	7	5	110	86	15	7	141	53	90	14	0	83	208	3	2	1	5	46	1	30	51	75	37	29	8
align matrix:
A	30	32	14	27	60	50	53	67	121	61	62	141	73	158	2	38	61	113	71	59	75	46	6
T	29	101	80	31	31	100	8	6	11	22	7	23	18	15	199	64	10	12	14	3	22	27	161
C	32	11	24	69	88	11	44	25	61	20	27	27	24	6	6	89	31	42	30	28	74	41	34
G	108	61	87	79	28	46	104	111	16	106	113	18	94	30	2	18	107	42	93	118	31	87	0
align matrix:
A	65	50	138	41	54	72	57	24	12	34	42	61	43	15	1	27	33	148	61	36	0	39	179	181
T	28	4	18	30	4	16	35	48	175	17	17	8	26	49	205	59	13	9	25	49	168	21	1	0
C	44	30	39	75	40	57	27	131	2	45	49	22	61	143	1	31	78	24	38	114	40	48	28	7
G	70	123	12	61	109	62	89	5	19	114	102	119	80	3	3	92	85	28	85	10	1	101	1	21
align matrix:
A	26	94	1	21	36	152	18	7	4	4	23	14	21	11	21	69	13	49	3	96	86	46	148
T	53	18	190	71	3	16	64	184	184	122	58	170	33	5	0	42	159	105	82	4	46	39	13
C	94	15	12	65	34	37	87	3	18	79	72	4	85	10	0	80	9	2	94	93	10	50	21
G	35	81	5	51	138	5	42	17	5	5	56	21	70	183	188	17	27	49	26	12	63	70	22
++++++++++++++++++++++++++++++++++++++++++++++++++++++
align matrix:
A	62	209	89	169	44	3	45	149	51	145	153	141	96	156	63	85	93	6	45	222	129	87	105	169	125
T	112	82	241	82	297	205	129	41	219	101	100	2	99	103	149	84	247	329	96	131	91	196	36	34	69
C	49	42	44	87	37	19	45	41	105	39	72	168	88	30	97	132	29	33	156	22	163	58	111	169	26
G	171	60	20	56	16	167	175	163	19	109	69	83	111	105	85	93	25	26	97	19	11	52	141	20	172
align matrix:
A	312	14	112	28	208	25	87	13	120	65	4	46	303	0	118	217	229	172	150	188	112	182	62	102	0	2	127	283	22	104
T	57	4	99	315	21	226	88	0	129	277	1	125	23	388	104	0	0	33	0	0	53	1	0	111	0	0	126	24	261	149
C	10	315	124	8	65	139	0	244	98	1	134	191	16	2	154	174	143	45	14	0	133	212	0	65	0	0	69	40	97	57
G	4	53	52	36	93	3	219	137	47	52	256	33	53	5	19	4	23	145	231	207	97	0	333	117	395	393	71	48	15	85
align matrix:
A	0	247	15	112	207	158	126	292	377	127	2	66	0	0	357	0	2	178	89	220	54	34	302	1	180	92	281	51	13	346
T	234	53	355	98	15	17	19	1	0	42	388	301	169	396	39	252	3	3	115	154	2	140	3	380	131	8	39	105	7	20
C	162	4	12	158	155	44	90	88	1	42	0	6	222	0	0	144	252	214	82	13	175	172	12	14	62	80	34	197	365	24
G	0	92	14	28	19	177	161	15	18	185	6	23	5	0	0	0	139	1	109	8	164	49	79	0	22	215	41	43	11	6
align matrix:
A	114	0	329	0	136	0	27	3	387	0	29	363	0	284	1	29	45	5	70	197	0	128	19	8	83	4
T	55	378	33	255	94	152	95	0	0	206	0	0	220	22	316	143	38	282	102	66	357	131	181	341	116	88
C	87	9	0	125	0	161	105	0	0	157	0	0	143	7	2	73	44	50	59	27	4	25	152	10	116	43
G	131	0	25	7	158	74	160	384	0	0	334	0	0	50	44	118	236	26	132	73	2	79	11	4	48	228
align matrix:
A	73	69	137	121	81	220	179	22	338	334	227	140	253	151	78	234	128	7	0	42	32	265	21	195	222	126	47	3	124	108
T	0	137	64	1	94	18	0	125	1	2	18	10	3	23	80	52	51	137	382	109	68	8	101	35	53	72	123	289	56	43
C	151	136	34	115	119	0	69	181	19	22	3	57	38	17	42	57	70	241	0	26	253	0	143	63	55	84	78	72	61	212
G	134	16	123	123	66	122	112	32	2	0	110	152	65	168	158	16	109	0	3	208	32	112	120	92	55	103	137	20	143	19
++++++++++++++++++++++++++++++++++++++++++++++++++++++
align matrix:
A	58	114	65	48	23	181	75	54	45	79	86	0	0	0	150	66	67	105	10	44	115	98	25	43	188	99	31	15	99	90	78
T	14	51	170	44	155	21	74	85	86	26	84	237	245	173	34	130	53	14	205	91	72	55	100	25	18	58	6	1	85	22	41
C	108	34	2	81	62	31	79	92	11	37	45	8	0	72	7	40	85	35	29	43	34	67	74	31	9	36	208	146	29	4	10
G	62	43	6	70	3	10	15	12	102	102	29	0	0	0	54	9	40	91	1	67	24	25	46	146	30	52	0	83	31	128	114
align matrix:
A	87	2	95	29	173	113	153	0	68	79	34	92	68	8	24	29	34	80	48	170	38
T	0	0	15	11	32	59	1	243	84	97	136	68	26	1	100	50	64	68	38	1	125
C	157	0	35	68	25	28	1	1	34	26	41	45	1	157	102	18	120	63	102	60	31
G	0	242	99	136	14	44	89	0	58	42	33	39	149	78	16	145	24	31	54	11	48
align matrix:
A	1	259	16	131	33	110	142	1	56	48	0	70	35	227	73	53	212	36	17	34	30	74	4	59	18	19	24	82	159	42	90	158
T	0	0	107	2	1	50	1	233	113	6	228	51	1	1	76	1	0	109	172	69	79	72	241	51	166	67	100	8	72	92	45	5
C	0	0	97	118	0	27	2	18	54	9	20	38	211	0	31	193	1	83	31	52	33	87	2	63	0	33	117	51	6	67	68	5
G	256	1	32	1	218	65	107	0	29	185	0	89	1	20	67	0	34	19	27	92	105	15	1	74	62	127	5	105	9	44	42	77
align matrix:
A	37	59	2	77	67	127	51	15	29	74	60	38	50	29	15	30	53	173	95	94	113	119	71	77
T	109	103	236	49	19	66	82	0	1	81	43	163	83	164	226	142	31	20	15	18	2	40	62	12
C	86	76	6	62	28	44	52	199	205	25	72	33	28	33	2	49	13	40	17	56	86	37	89	65
G	12	6	0	56	130	7	59	30	8	63	68	9	83	18	1	24	148	12	117	76	42	48	20	88
align matrix:
A	1	180	0	147	22	51	10	11	104	161	179	162	68	16	54	1	266	0	106	2	57	129	136	144	134	129	111	0	130	1	0	44
T	246	7	124	25	231	120	118	211	45	24	71	18	119	185	83	0	1	156	104	264	104	60	18	27	27	1	60	267	136	131	267	221
C	2	0	79	0	7	40	90	45	36	67	6	19	30	4	67	0	0	111	42	1	53	63	62	28	1	27	29	1	1	136	1	3
G	18	80	65	96	8	57	50	1	83	16	12	69	50	62	63	266	1	1	16	1	53	15	51	68	105	111	68	0	1	0	0	0
align matrix:
A	87	68	57	82	11	81	34	75	67	26	117	31	8	3	48	114	9	97	89	146
T	95	122	82	41	211	46	60	150	83	202	29	78	61	256	137	62	167	54	14	3
C	51	42	39	61	35	41	90	8	55	13	10	50	186	7	20	57	67	52	55	30
G	22	23	78	75	3	92	76	27	55	23	108	107	12	1	61	34	22	62	107	86
align matrix:
A	133	76	14	68	42	238	0	52	213	54	22	168	5	99	21	63	220	195	136	42	163	76	59
T	33	91	226	99	4	1	96	20	1	92	191	90	152	10	189	44	1	37	16	21	26	113	3
C	20	84	2	70	1	23	149	172	6	72	26	3	71	5	50	63	5	28	5	63	2	31	26
G	79	14	23	28	218	3	20	21	44	46	25	3	36	150	4	94	39	5	108	139	74	45	177
align matrix:
A	32	156	3	87	142	96	117	148	16	234	192	131	29	177	129	43	172	34	6	1
T	48	34	119	7	2	63	24	0	132	10	20	17	12	3	34	145	37	123	111	201
C	114	7	131	94	76	15	1	43	102	14	4	6	37	44	41	10	31	46	102	53
G	63	61	9	74	42	87	119	70	11	4	46	108	184	38	56	61	19	56	39	3
++++++++++++++++++++++++++++++++++++++++++++++++++++++
######################################################
