scoring matrix:
A	-10.00	-4.88	1.08	1.09	-10.00	-0.60	-10.00
T	0.25	-0.98	-10.00	-10.00	1.09	0.31	0.14
C	0.87	-1.09	-2.92	-4.53	0.35	-0.74	0.98
G	-0.31	1.39	-10.00	-4.40	-10.00	0.64	-0.53
scoring matrix:
A	-10.00	1.06	1.07	-10.00	1.03	1.09	-10.00	0.17	-0.32	-1.75	-2.17	-10.00	-1.01	-1.03	-2.94	-3.50	1.05	1.06	-10.00	0.10	-10.00	-3.50	1.05	1.06	-10.00	-0.82	-2.80	-10.00	1.09	1.09	-10.00
T	-0.72	-4.33	-10.00	1.01	-2.18	-10.00	0.46	-1.65	-2.53	0.73	0.61	-0.65	0.34	1.16	-10.00	-0.12	-2.87	-10.00	1.06	0.16	-1.91	-1.39	-1.91	-10.00	1.05	-0.12	-2.69	-0.98	-10.00	-10.00	0.71
C	-1.17	-10.00	-3.83	0.47	-3.14	-10.00	1.02	-1.09	0.93	-0.06	-0.08	1.25	0.30	-10.00	1.27	-1.23	-2.92	-2.45	0.34	-0.65	1.28	-0.45	-10.00	-4.53	0.31	-0.68	1.08	-1.58	-10.00	-10.00	0.84
G	1.34	-3.58	-2.46	-2.79	-2.10	-3.30	-10.00	0.84	-0.34	0.21	0.47	-1.14	0.17	-0.20	-0.34	1.25	-2.61	-2.61	-2.10	0.17	-0.53	1.33	-2.79	-1.84	-1.63	0.95	0.28	1.43	-10.00	-10.00	-10.00
Start Probabilities	0.93	0.07	
Ending Probabilities	0.02	1.00	
Trasnition Probability Matrix
0.00	0.98	
0.00	0.00	
Window size:31
Gap length:20
Match score cuttof:15.97
++++++++++++++++++++++++++++++++++++++++++++++++++++++
scoring matrix:
A	0.47	-10.00	0.51	0.44	-10.00	-0.15	-0.72	-3.21	-2.36	-2.11	-4.30	0.84	0.81	-2.36	-3.61	-0.94	-4.30	0.98	0.93	-10.00	0.24	0.06	-10.00	0.46	0.37	-3.21	0.26	0.09	-10.00	-1.31	-2.00	-3.61	1.02	0.99	-10.00	-1.53	-1.67	-10.00	1.02	1.02	-4.30	0.75	0.48	-10.00	0.94	0.98	-10.00	0.90	0.67	-10.00
T	-0.05	-0.44	0.32	-0.14	-0.48	-1.18	-1.50	0.70	1.20	1.05	-0.24	-0.40	-0.17	0.34	0.60	1.38	-3.57	-1.09	-3.12	-0.12	0.66	0.90	0.67	0.16	-3.57	0.40	-0.36	-10.00	0.54	0.49	-10.00	-0.87	-2.19	-10.00	0.06	0.54	1.28	-2.19	-2.19	-3.57	-1.38	-0.40	-1.38	-1.50	-1.27	-1.97	-1.01	-10.00	0.60	0.43
C	-0.19	0.86	-0.75	-1.33	1.08	-10.00	0.68	0.11	-0.25	-2.02	0.32	-1.61	-4.10	0.93	-0.29	-3.41	0.15	-4.10	-10.00	0.98	-2.71	-10.00	0.70	-0.66	0.12	0.67	-0.00	0.08	0.31	-1.61	-0.23	0.95	-10.00	-2.49	1.03	-1.21	-0.17	0.03	-10.00	-10.00	1.19	-1.80	-0.23	0.85	-2.49	-3.41	1.09	-2.14	-10.00	0.91
G	-1.74	0.12	-1.59	0.18	-1.29	1.22	0.16	0.53	-0.08	0.82	0.90	-3.00	-1.20	-10.00	0.90	-0.08	1.24	-10.00	-10.00	-10.00	0.07	-0.14	-0.75	-0.69	-0.16	-0.11	-0.32	0.47	0.52	1.10	1.33	-0.08	-3.69	-1.90	-2.59	1.06	-0.86	1.28	-10.00	-2.30	-3.00	-0.69	-0.19	0.42	-1.90	-1.90	-0.86	-1.09	-3.69	-2.08
Start Probabilities	1.00	
Ending Probabilities	1.00	
Trasnition Probability Matrix
0.00	
Window size:50
Gap length:20
Match score cuttof:0.00
++++++++++++++++++++++++++++++++++++++++++++++++++++++
scoring matrix:
A	-2.85	-0.77	-0.62	-3.84	0.75	0.70	-3.95
T	1.02	-0.97	1.51	0.11	-0.03	-1.78	0.62
C	0.37	-2.98	-1.72	0.72	-2.57	-0.90	0.76
G	-0.53	1.37	-10.00	0.18	-1.51	-0.41	-0.74
scoring matrix:
A	0.23	-0.34	-1.87	-0.39	0.42	-1.87	-1.87	-1.46	-3.95	0.71	0.40	-2.85	-0.81	-1.75	-3.95
T	0.55	-10.00	0.33	0.30	-0.97	0.45	-2.07	-10.00	0.13	-0.17	-10.00	1.19	0.05	1.24	-0.86
C	-0.37	0.83	0.18	-2.98	0.18	0.63	-10.00	-1.19	0.92	-2.06	0.04	0.04	0.16	-0.37	0.61
G	-1.10	-0.59	0.69	0.99	-1.36	-0.17	1.57	1.47	-0.59	-0.90	-0.12	-0.31	0.57	-0.12	0.78
scoring matrix:
A	0.88	0.86	-10.00	0.95	0.89	-10.00	0.92	0.95	-3.95	-1.87	-1.65	-2.56	0.16	0.53	-10.00	0.91	0.91	-2.56	-0.51	-0.76	-10.00	0.71	0.71
T	-0.39	-2.07	-0.12	-1.22	-1.78	-1.22	-1.09	-3.17	0.68	-0.22	-1.22	0.52	1.04	-0.53	0.17	-1.78	-2.07	0.79	0.17	-1.36	0.05	-0.12	-0.17
C	-10.00	-3.67	1.02	-10.00	-2.06	1.17	-10.00	-3.67	0.82	-0.68	0.89	0.18	-2.28	-0.45	0.94	-1.59	-10.00	0.77	-1.59	0.19	0.81	-1.72	-1.88
G	-3.30	-0.59	-0.82	-3.30	-1.36	-1.22	-1.92	-1.51	-1.69	1.25	0.07	0.63	-1.00	-0.59	-0.74	-3.30	-1.00	-3.30	1.02	0.86	0.07	-1.22	-1.00
Start Probabilities	0.75	0.13	0.12	
Ending Probabilities	0.00	0.10	1.00	
Trasnition Probability Matrix
0.00	0.94	0.06	
0.00	0.00	0.90	
0.00	0.00	0.00	
Window size:23
Gap length:20
Match score cuttof:15.68
++++++++++++++++++++++++++++++++++++++++++++++++++++++
######################################################
scoring matrix:
A	-0.65	-0.36	-10.00	0.61	1.13	-10.00	0.54
T	0.07	1.25	-1.61	0.36	-0.25	-0.07	0.72
C	-2.28	-1.06	0.66	-1.06	-1.87	0.94	-1.18
G	0.76	-0.92	0.09	-0.07	-0.25	-3.26	-0.39
scoring matrix:
A	-0.26	-3.79	0.27	0.82	-10.00	-1.59	-1.30	-10.00	0.84	0.78	-2.69	-1.59	-1.59	-10.00	0.86	0.82	-10.00	0.59	0.78	-10.00	0.69	1.00	-10.00	0.70	0.70	-10.00	-0.96	-0.74	-2.40
T	-1.86	-0.37	-0.19	-1.72	0.22	-0.71	-10.00	-0.11	0.20	-0.81	0.98	0.13	0.94	-1.61	-0.11	-1.03	-0.91	0.93	-0.19	-0.81	0.42	-2.19	-2.26	0.64	-0.02	-0.14	-0.58	-2.42	0.50
C	0.56	0.59	-1.10	-0.17	0.74	-1.65	-1.41	0.70	-1.22	-0.51	0.35	-0.77	0.20	0.27	-2.16	-1.41	1.06	-2.28	-1.27	0.85	-1.27	-1.72	1.01	-1.27	-0.89	0.97	-1.87	0.69	-0.09
G	-0.15	-0.08	0.46	-0.09	-1.14	0.94	1.01	-0.49	-0.18	0.05	-1.96	0.65	-1.10	0.54	0.15	0.34	-4.36	-0.60	0.14	-0.62	-0.15	0.31	-1.53	-0.46	0.03	-4.36	0.90	-0.20	0.21
Start Probabilities	0.78	0.22	
Ending Probabilities	0.19	1.00	
Trasnition Probability Matrix
0.00	0.81	
0.00	0.00	
Window size:29
Gap length:20
Match score cuttof:13.47
++++++++++++++++++++++++++++++++++++++++++++++++++++++
scoring matrix:
A	-10.00	0.61	-1.87	-10.00	1.70	1.91	-10.00	1.77	-0.04	-10.00	-10.00
T	0.91	-1.02	-3.61	-0.81	-0.13	-1.05	0.59	-0.62	0.97	-0.93	-2.44
C	-0.23	-0.83	0.93	-1.81	-0.94	-0.62	0.43	-2.35	-2.35	1.07	-10.00
G	-2.43	0.64	-0.46	0.89	-0.31	-0.21	-3.74	0.20	-0.95	-4.84	1.05
Start Probabilities	0.00	
Ending Probabilities	0.00	
Trasnition Probability Matrix
0.00	
Window size:11
Gap length:20
Match score cuttof:0.00
++++++++++++++++++++++++++++++++++++++++++++++++++++++
scoring matrix:
A	-2.80	-10.00	0.69	0.99	-3.90	-0.86	-1.96	-3.90	0.40	0.93	-10.00	0.53	0.96	-10.00	0.21	0.54	-1.82	0.19	0.03	-10.00	0.58	0.85
T	-1.93	-0.57	0.12	-0.23	0.31	0.70	1.02	-1.12	0.48	-1.33	-1.81	0.76	-0.43	-0.92	0.33	-0.40	-0.16	0.38	-0.92	0.22	-0.14	-1.07
C	-0.25	0.95	-0.64	-1.64	0.87	-0.81	-0.23	0.25	-1.33	-3.87	1.24	-1.71	-1.79	1.18	-1.38	-1.06	0.85	-1.57	-0.81	0.78	-1.44	-0.29
G	0.86	-0.72	-0.33	-0.20	-2.19	0.15	-0.70	0.60	-0.07	0.27	-10.00	-0.65	-0.01	-4.39	0.23	0.31	-0.86	0.23	0.64	-0.92	0.26	-0.17
Start Probabilities	0.00	
Ending Probabilities	0.00	
Trasnition Probability Matrix
0.00	
Window size:22
Gap length:20
Match score cuttof:0.00
++++++++++++++++++++++++++++++++++++++++++++++++++++++
######################################################
scoring matrix:
A	1.11	-0.06	0.39	0.69	0.33	-0.22	-10.00	-0.35	-0.20	0.13	-0.65	0.70	-10.00	-0.53	0.45	0.04	-1.04	-0.64	-1.19	-0.59	0.07	-0.51	-0.61	-0.47	0.23	-0.39	-0.93	-0.32	-4.01	0.02	0.22	-0.05	-1.30	1.13	-1.98	0.82	0.53	0.23	-0.22	-1.32	-0.49	-0.57	-2.99
T	-0.66	-2.59	-1.65	-0.35	-1.30	-10.00	-10.00	-1.31	-0.98	0.88	-0.01	-10.00	1.44	0.43	-0.10	0.89	-0.64	0.13	-0.81	0.19	-0.51	0.27	-0.59	-1.52	-2.20	-0.24	1.25	1.23	0.45	-1.13	-0.59	-1.54	-10.00	-3.81	0.03	-10.00	-10.00	-0.34	-3.83	1.38	0.29	-1.38	1.45
C	-10.00	-1.88	-0.01	-0.65	-0.15	1.12	-3.84	0.01	0.54	-1.41	-0.25	-1.26	-2.26	0.40	0.02	-0.66	0.25	-3.80	1.12	0.33	0.43	0.75	0.49	0.28	0.56	0.67	-1.05	-2.53	0.83	0.50	-0.52	-0.01	-1.86	-1.54	1.05	0.35	-3.24	-1.07	-1.12	-1.77	0.02	-3.26	-1.77
G	-10.00	0.94	0.15	-0.49	0.28	-10.00	1.32	0.65	0.03	-1.18	0.55	0.33	-10.00	-0.71	-0.83	-1.98	0.60	0.82	-1.84	-0.08	-0.30	-2.55	0.24	0.56	-0.29	-0.50	-2.35	-3.93	-1.21	-0.07	0.40	0.55	1.23	-1.35	-2.37	-2.89	0.69	0.46	0.99	-10.00	0.11	1.11	-10.00
scoring matrix:
A	-0.67	-0.52	-10.00	-0.55	-0.28	0.93	-0.08	-1.12	-0.36	-1.22	-0.19	-1.06	-0.33	-0.83	-0.54	-2.07	-0.05	0.51	0.19	0.46	0.61	-0.06	0.45	-0.19	-0.49	-0.63	-1.16	-2.88	1.07	-1.46	-0.30	-0.32	0.69	-1.12
T	-0.10	-0.61	1.39	-0.29	-0.03	-0.09	0.52	-10.00	-2.41	-0.41	-0.26	1.04	-0.06	0.93	1.28	0.46	-0.53	-1.62	-0.66	-10.00	-3.76	-0.94	-0.79	-0.79	-0.13	1.27	1.38	0.39	-1.98	1.36	0.13	0.42	-0.32	0.27
C	0.21	0.96	-3.61	0.49	-0.55	-1.98	-0.61	1.10	1.13	-0.45	0.50	-0.36	0.25	0.06	-3.17	0.36	-0.50	0.20	0.22	0.53	-0.12	-0.23	-0.12	0.10	0.20	-1.83	-3.86	0.68	-1.26	-2.08	0.72	0.10	-1.00	0.44
G	0.31	-1.85	-3.01	0.07	0.52	-1.58	-0.07	-0.47	-3.23	0.86	-0.28	-0.93	0.08	-1.65	-3.21	0.01	0.57	-0.30	-0.05	-0.65	0.01	0.57	-0.05	0.43	0.27	-3.91	-10.00	-0.45	-1.31	-3.19	-2.11	-0.31	-0.30	-0.08
scoring matrix:
A	-2.45	-1.00	-10.00	-0.48	0.32	-1.43	-1.67	-0.04	0.41	-0.23	0.77	0.63	0.14	-1.49	-0.42	0.12	1.17	1.03	0.65	-10.00	-3.33	0.02	0.80	-1.41	-0.19	-0.84	0.85	-1.94	-0.20	0.43	-0.18	-3.29	-1.47	-0.38	0.05	-1.73	-0.43	0.08	0.95	-0.29	0.06	-0.35	-0.92	-1.40	-3.29	-0.38	0.18	0.93	0.60	-0.63	0.77	-0.19	-2.42	0.23	-3.99	0.61	-3.94	-0.76	-0.10	-0.20	-0.65	-0.24	0.60
T	0.11	-1.37	-10.00	0.23	0.91	-3.12	-0.01	-10.00	-0.16	-1.35	-0.95	0.09	-1.06	-3.10	-10.00	-0.41	-1.52	-1.87	-1.74	-3.10	-10.00	0.08	-1.63	0.02	-0.89	-2.19	0.21	0.06	0.69	0.26	-0.23	-1.25	-2.67	-0.31	-0.40	1.00	-0.43	-0.88	-0.65	-0.18	-2.00	-1.32	-0.47	0.02	1.43	-0.37	-2.17	-3.09	-0.54	-0.02	-1.33	0.02	0.96	0.27	0.22	-0.02	1.41	-0.40	-0.47	-1.32	-0.43	-0.73	-0.09
C	0.99	-10.00	1.19	0.57	-10.00	0.04	0.94	1.05	-3.89	-0.09	-0.77	-0.40	0.07	-10.00	-2.53	0.56	-2.31	-3.89	-1.98	-10.00	-10.00	0.43	-0.11	0.95	0.02	1.03	-1.51	0.92	-0.57	-1.14	0.59	-1.35	0.70	0.61	0.20	-0.12	0.50	-0.79	-1.35	0.47	0.95	-1.70	0.11	0.64	-2.10	-0.60	0.30	-0.21	-0.99	-0.08	-0.48	-0.00	-0.10	-1.36	0.39	-0.36	-2.08	-0.28	0.62	-0.60	-0.09	0.35	-1.52
G	-1.42	1.18	-0.30	-0.79	-1.50	0.95	-1.00	-2.57	0.41	0.66	-0.26	-1.34	0.28	1.27	1.12	-0.85	-2.85	-0.41	0.41	1.33	1.33	-0.94	-0.85	-1.40	0.51	-0.49	-3.88	-0.97	-0.30	-0.23	-0.55	1.19	0.48	-0.27	0.01	-0.75	0.05	0.65	-1.02	-0.18	-2.32	0.99	0.61	-0.08	-10.00	0.70	0.17	-1.20	0.04	0.47	-0.35	0.16	-0.43	0.14	0.31	-1.02	-2.30	0.73	-0.51	0.80	0.63	0.24	-0.12
scoring matrix:
A	-2.48	-1.26	1.04	1.12	0.62	-0.06	-2.48	-0.63	-10.00	1.27	-10.00	0.61	-2.99	-0.29	-0.33	-0.17	0.19	0.73	1.06	-0.06	-10.00	0.62	-3.39	-10.00	-1.32	-10.00	-0.88	0.69	-0.92	0.70	-0.36	-0.62	0.98	-10.00	0.05	-0.79	0.68	-2.13
T	1.46	-0.97	-1.66	-0.57	-2.76	0.17	0.77	-0.06	-10.00	-10.00	0.68	-0.53	1.47	0.19	0.01	-3.16	-0.65	-0.77	-3.85	-0.61	1.50	0.73	0.67	1.50	1.41	0.76	0.69	-0.57	-0.37	-0.06	-10.00	0.01	-10.00	1.43	-0.36	-0.43	-1.21	-0.01
C	-10.00	-0.17	-0.47	-2.57	-2.02	-0.26	-0.57	0.49	-10.00	-10.00	0.81	-2.02	-2.57	0.41	0.71	0.02	0.25	0.02	-0.79	-0.42	-10.00	-10.00	0.82	-10.00	-2.86	0.76	-0.12	0.26	0.74	-0.33	0.07	0.55	-1.32	-1.25	0.32	0.13	0.13	0.80
G	-2.62	0.90	-2.91	-10.00	0.52	0.11	0.34	-0.05	1.36	-4.00	-3.31	0.24	-10.00	-0.49	-1.17	0.68	-0.09	-1.30	-1.18	0.57	-10.00	-2.62	-10.00	-10.00	-10.00	-10.00	-0.13	-10.00	-0.15	-1.60	0.74	-0.23	-0.30	-10.00	-0.16	0.57	-0.91	-0.23
scoring matrix:
A	-4.06	-4.06	0.09	0.71	-2.00	-0.27	-1.89	-1.39	-1.26	0.79	-3.39	-0.21	-4.08	-3.39	0.03	0.96	1.02	-2.27	-2.95	0.49	-0.26	0.89	-3.35	-0.04	0.68	-2.65	-0.13	-3.33	1.25	-0.04	-0.36	-0.51	-0.44	-1.35	-0.78	-0.83	-1.19	-2.68
T	-10.00	-10.00	-0.06	-0.60	1.44	-0.34	-3.16	-3.85	-0.02	-2.25	1.46	-0.34	-10.00	-10.00	-0.57	-0.77	-1.15	0.62	-1.14	0.78	-0.59	-0.49	-0.36	-0.12	0.62	-2.03	-0.07	-10.00	-10.00	-1.73	0.27	1.18	-0.01	1.02	1.25	0.56	-3.83	-1.21
C	-10.00	-10.00	0.04	0.07	-2.56	-0.20	1.19	1.29	-0.10	0.10	-2.02	0.56	-3.26	-10.00	0.62	-2.17	-1.65	0.76	1.07	-10.00	-0.70	-0.46	1.08	-0.11	-10.00	0.52	0.64	1.37	-10.00	-1.96	0.44	-2.51	-0.42	-0.22	-1.45	0.63	-3.93	1.13
G	1.34	1.34	-0.10	-1.69	-10.00	0.51	-0.61	-2.06	0.63	-1.07	-10.00	-0.30	1.34	1.35	-0.65	-0.61	-0.91	-2.19	-0.27	-1.50	0.74	-2.37	-0.90	0.21	-2.17	0.73	-1.15	-10.00	-3.93	0.93	-0.65	-1.14	0.54	-0.81	-2.17	-2.20	1.25	-0.54
scoring matrix:
A	-0.64	0.64	0.47	-1.66	0.38	-0.81	-0.93	-2.93	0.85	-2.67	-1.98	-10.00	-0.71	0.41	1.02	-2.67	-0.99	0.48	0.10	-0.65	-10.00	-0.47	-2.95	1.24	-10.00	-0.56	1.21	-0.56	-0.90	-0.24	-4.04	0.33	-10.00	-0.15	1.19
T	-1.27	-1.87	0.86	0.66	-0.32	1.23	-0.55	1.37	0.28	0.65	-0.27	1.33	-0.59	-0.45	-2.04	0.41	-2.04	-2.04	-0.90	0.41	1.47	-0.17	-2.72	-3.12	0.64	-2.44	-2.22	-0.05	1.13	1.05	0.05	-0.21	1.15	-1.27	-10.00
C	0.58	0.18	-2.81	0.23	-0.01	-0.95	0.60	-1.53	-3.91	0.70	1.12	-0.62	-0.05	-1.86	-0.70	0.91	-0.13	0.11	-0.27	0.61	-2.54	0.04	-3.91	-10.00	0.83	1.19	-10.00	0.53	-0.25	-10.00	0.75	-1.05	-0.73	0.82	-2.31
G	0.31	-0.59	-3.93	-0.22	-0.31	-3.25	0.20	-1.67	-1.79	-1.50	-2.03	-2.37	0.68	0.44	-1.28	-2.03	0.93	-0.04	0.48	-1.35	-10.00	0.40	1.31	-2.87	-3.27	-3.95	-2.37	-0.18	-3.95	-0.60	-0.08	0.31	-0.39	-0.62	-1.89
scoring matrix:
A	-0.56	-0.54	-1.32	-0.71	0.04	-0.13	-0.09	0.14	0.70	0.05	0.06	0.85	0.22	0.96	-3.23	-0.41	0.05	0.64	0.19	0.02	0.27	-0.18	-2.06
T	-0.38	0.75	0.54	-0.36	-0.37	0.74	-1.68	-1.96	-1.37	-0.71	-1.81	-0.67	-0.90	-1.08	1.40	0.31	-1.47	-1.29	-1.13	-2.60	-0.65	-0.46	1.19
C	-0.38	-1.43	-0.69	0.30	0.52	-1.45	-0.14	-0.69	0.17	-0.90	-0.61	-0.61	-0.73	-2.05	-2.05	0.53	-0.48	-0.19	-0.50	-0.57	0.37	-0.17	-0.34
G	0.69	0.14	0.47	0.38	-0.61	-0.13	0.64	0.70	-1.16	0.65	0.72	-1.04	0.54	-0.56	-3.15	-1.04	0.66	-0.23	0.53	0.76	-0.47	0.48	-10.00
scoring matrix:
A	0.11	-0.13	0.83	-0.32	-0.06	0.21	-0.01	-0.84	-1.50	-0.52	-0.32	0.04	-0.30	-1.31	-3.92	-0.74	-0.54	0.90	0.05	-0.46	-10.00	-0.38	1.08	1.09
T	-0.47	-2.31	-0.88	-0.40	-2.31	-1.00	-0.26	0.04	1.28	-0.97	-0.97	-1.69	-0.56	0.05	1.43	0.24	-1.21	-1.57	-0.59	0.06	1.24	-0.75	-3.67	-10.00
C	-0.13	-0.50	-0.25	0.37	-0.22	0.11	-0.61	0.90	-3.09	-0.13	-0.05	-0.82	0.16	0.99	-3.80	-0.48	0.40	-0.73	-0.29	0.77	-0.24	-0.06	-0.58	-1.91
G	0.26	0.80	-1.41	0.13	0.68	0.15	0.49	-2.26	-0.98	0.72	0.62	0.76	0.38	-2.78	-2.78	0.52	0.44	-0.62	0.44	-1.61	-3.82	0.61	-3.82	-0.90
scoring matrix:
A	-0.76	0.46	-3.87	-0.97	-0.47	0.92	-1.14	-2.06	-2.60	-2.58	-0.89	-1.37	-0.98	-1.60	-0.98	0.17	-1.42	-0.14	-2.77	0.49	0.39	-0.20	0.90
T	0.14	-0.89	1.35	0.42	-2.65	-1.02	0.31	1.33	1.33	0.93	0.22	1.25	-0.32	-2.13	-10.00	-0.09	1.19	0.79	0.56	-2.28	0.02	-0.14	-1.16
C	0.58	-1.17	-1.38	0.23	-0.40	-0.32	0.50	-2.75	-1.02	0.41	0.33	-2.44	0.49	-1.57	-10.00	0.43	-1.65	-3.03	0.59	0.58	-1.52	-0.00	-0.81
G	-0.40	0.40	-2.26	-0.04	0.91	-2.29	-0.24	-1.12	-2.30	-2.29	0.04	-0.90	0.26	1.18	1.20	-1.09	-0.65	-0.07	-0.66	-1.39	0.17	0.27	-0.81
Start Probabilities	0.87	0.08	0.02	0.02	0.00	0.00	0.00	0.00	0.00	
Ending Probabilities	0.00	0.00	0.01	0.01	0.02	0.05	0.00	0.11	1.00	
Trasnition Probability Matrix
0.00	0.92	0.07	0.02	0.00	0.00	0.00	0.00	0.00	
0.00	0.00	0.89	0.11	0.00	0.00	0.00	0.00	0.00	
0.00	0.00	0.00	0.97	0.00	0.02	0.00	0.01	0.00	
0.00	0.00	0.00	0.00	0.86	0.09	0.02	0.01	0.00	
0.00	0.00	0.00	0.00	0.00	0.94	0.00	0.03	0.01	
0.00	0.00	0.00	0.00	0.00	0.00	0.71	0.21	0.03	
0.00	0.00	0.00	0.00	0.00	0.00	0.00	0.94	0.06	
0.00	0.00	0.00	0.00	0.00	0.00	0.00	0.00	0.89	
0.00	0.00	0.00	0.00	0.00	0.00	0.00	0.00	0.00	
Window size:63
Gap length:400
Match score cuttof:17.96
++++++++++++++++++++++++++++++++++++++++++++++++++++++
scoring matrix:
A	-0.73	0.48	-0.37	0.27	-1.07	-3.74	-1.05	0.14	-0.92	0.12	0.17	0.09	-0.29	0.19	-0.71	-0.42	-0.33	-3.05	-1.05	0.54	-0.00	-0.39	-0.20	0.27	-0.03
T	0.13	-0.17	0.90	-0.18	1.10	0.73	0.27	-0.87	0.80	0.03	0.02	-3.87	0.01	0.05	0.42	-0.15	0.92	1.21	-0.02	0.29	-0.07	0.69	-0.99	-1.04	-0.34
C	-0.42	-0.57	-0.53	0.15	-0.70	-1.37	-0.51	-0.60	0.33	-0.65	-0.04	0.80	0.16	-0.91	0.26	0.56	-0.95	-0.82	0.73	-1.22	0.77	-0.25	0.39	0.81	-1.04
G	0.62	-0.42	-1.52	-0.49	-1.74	0.59	0.64	0.57	-1.57	0.17	-0.29	-0.10	0.19	0.13	-0.08	0.01	-1.30	-1.26	0.05	-1.57	-2.11	-0.56	0.43	-1.51	0.62
scoring matrix:
A	0.88	-2.15	-0.12	-1.48	0.48	-1.63	-0.39	-2.28	-0.07	-0.69	-3.47	-1.03	0.85	-10.00	-0.09	0.52	0.57	0.28	0.15	0.37	-0.14	0.34	-0.73	-0.24	-10.00	-4.16	-0.01	0.78	-1.77	-0.22
T	-0.50	-3.10	0.03	1.16	-1.49	0.83	-0.11	-10.00	0.27	1.03	-4.58	0.24	-1.45	1.37	0.06	-10.00	-10.00	-1.09	-10.00	-10.00	-0.62	-4.58	-10.00	0.12	-10.00	-10.00	0.25	-1.41	0.98	0.42
C	-1.92	1.42	0.51	-2.17	-0.12	0.61	-10.00	1.17	0.27	-4.31	0.58	0.93	-1.54	-3.62	0.72	0.84	0.64	-0.51	-1.68	-10.00	0.57	1.03	-10.00	-0.15	-10.00	-10.00	-0.08	-0.63	0.25	-0.28
G	-3.01	-0.52	-0.54	-0.90	0.03	-3.40	0.86	0.40	-0.67	-0.57	1.02	-1.03	-0.55	-2.91	-1.58	-3.13	-1.39	0.45	0.92	0.81	0.05	-10.00	1.28	0.24	1.45	1.45	-0.25	-0.65	-1.81	-0.08
scoring matrix:
A	-10.00	0.64	-2.16	-0.15	0.47	0.20	-0.03	0.81	1.07	-0.02	-4.17	-0.68	-10.00	-10.00	1.01	-10.00	-4.17	0.32	-0.37	0.53	-0.87	-1.33	0.85	-4.85	0.33	-0.34	0.77	-0.93	-2.30	0.98
T	0.87	-0.62	1.28	-0.00	-1.88	-1.76	-1.64	-4.59	-10.00	-0.85	1.37	1.12	0.54	1.39	-0.93	0.94	-3.49	-3.49	0.16	0.45	-3.88	0.35	-3.49	1.35	0.29	-2.50	-0.92	0.06	-2.64	-1.59
C	0.77	-2.94	-1.84	0.74	0.72	-0.54	0.18	0.15	-4.32	-0.58	-10.00	-2.53	1.08	-10.00	-10.00	0.65	1.21	1.04	0.09	-1.75	0.84	0.83	-1.84	-1.68	-0.19	0.06	-0.79	0.96	1.58	-1.14
G	-10.00	-0.01	-1.89	-1.19	-1.58	0.65	0.55	-1.82	-1.64	0.69	-2.74	-1.39	-2.92	-10.00	-10.00	-10.00	0.41	-4.53	0.17	-2.44	0.57	-0.63	-0.16	-10.00	-1.43	0.84	-0.81	-0.77	-2.13	-2.74
scoring matrix:
A	-0.10	-10.00	0.93	-10.00	0.07	-10.00	-1.51	-3.66	1.09	-10.00	-1.29	1.02	-10.00	0.80	-4.38	-1.29	-0.89	-2.90	-0.49	0.46	-10.00	0.07	-1.68	-2.47	-0.33	-3.11
T	-0.55	1.34	-1.05	0.95	-0.03	0.45	-0.01	-10.00	-10.00	0.76	-10.00	-10.00	0.82	-1.29	1.15	0.42	-0.79	1.04	0.11	-0.29	1.26	0.34	0.64	1.22	0.23	-0.02
C	0.16	-2.05	-10.00	0.52	-10.00	0.76	0.35	-10.00	-10.00	0.75	-10.00	-10.00	0.67	-2.10	-3.25	0.05	-0.41	-0.30	-0.14	-0.86	-2.61	-0.93	0.72	-1.77	0.48	-0.43
G	0.36	-10.00	-1.26	-2.50	0.54	-0.20	0.56	1.41	-10.00	-10.00	1.26	-10.00	-10.00	-0.48	-0.60	0.30	0.94	-1.08	0.41	-0.14	-3.43	-0.06	-1.87	-2.80	-0.52	0.91
scoring matrix:
A	-0.43	-0.48	0.14	0.02	-0.34	0.57	0.38	-1.53	0.96	0.95	0.60	0.16	0.69	0.23	-0.37	0.62	0.08	-2.81	-10.00	-1.07	-1.33	0.72	-1.74	0.42	0.55	-0.00	-0.96	-3.62	-0.01	-0.14
T	-10.00	0.39	-0.30	-4.09	0.04	-1.46	-10.00	0.30	-4.09	-3.43	-1.44	-1.98	-3.08	-1.23	-0.10	-0.49	-0.50	0.35	1.35	0.13	-0.33	-2.41	0.05	-0.98	-0.57	-0.28	0.24	1.07	-0.52	-0.76
C	0.72	0.62	-0.63	0.47	0.50	-10.00	0.01	0.88	-1.17	-1.02	-2.82	-0.16	-0.53	-1.26	-0.44	-0.16	0.02	1.16	-10.00	-1.01	1.20	-10.00	0.65	-0.15	-0.28	0.13	0.06	-0.01	-0.18	1.03
G	0.43	-1.50	0.35	0.35	-0.22	0.34	0.26	-0.88	-3.40	-10.00	0.25	0.54	-0.23	0.63	0.58	-1.50	0.24	-10.00	-3.31	0.82	-1.00	0.21	0.28	0.02	-0.48	0.13	0.41	-1.46	0.45	-1.49
Start Probabilities	0.43	0.48	0.05	0.03	0.01	
Ending Probabilities	0.00	0.00	0.11	0.24	1.00	
Trasnition Probability Matrix
0.00	0.98	0.02	0.00	0.00	
0.00	0.00	0.87	0.09	0.04	
0.00	0.00	0.00	0.88	0.01	
0.00	0.00	0.00	0.00	0.76	
0.00	0.00	0.00	0.00	0.00	
Window size:30
Gap length:400
Match score cuttof:11.26
++++++++++++++++++++++++++++++++++++++++++++++++++++++
scoring matrix:
A	-0.28	0.33	-0.18	-0.46	-1.12	0.75	-0.05	-0.35	-0.52	-0.01	0.07	-10.00	-10.00	-10.00	0.57	-0.18	-0.16	0.25	-1.90	-0.55	0.33	0.18	-1.06	-0.57	0.78	0.19	-0.87	-1.53	0.20	0.11	-0.02
T	-1.39	-0.23	0.86	-0.36	0.78	-1.04	0.11	0.23	0.24	-0.85	0.22	1.16	1.19	0.88	-0.61	0.62	-0.21	-1.42	1.03	0.29	0.07	-0.17	0.38	-0.89	-1.19	-0.12	-2.20	-3.83	0.23	-1.00	-0.43
C	0.82	-0.22	-2.80	0.56	0.32	-0.31	0.54	0.68	-1.26	-0.15	0.02	-1.56	-10.00	0.45	-1.68	-0.09	0.60	-0.21	-0.38	-0.02	-0.24	0.38	0.47	-0.32	-1.45	-0.18	1.42	1.10	-0.38	-2.18	-1.34
G	0.13	-0.20	-1.99	0.23	-2.62	-1.53	-1.16	-1.37	0.57	0.57	-0.57	-10.00	-10.00	-10.00	-0.01	-1.65	-0.28	0.47	-3.66	0.19	-0.75	-0.71	-0.16	0.90	-0.55	-0.04	-10.00	0.38	-0.51	0.78	0.68
scoring matrix:
A	0.08	-3.36	0.16	-0.92	0.70	0.32	0.59	-10.00	-0.15	-0.01	-0.78	0.13	-0.15	-2.09	-1.08	-0.91	-0.76	0.01	-0.45	0.69	-0.66
T	-10.00	-10.00	-1.35	-1.63	-0.66	-0.10	-3.82	1.19	0.22	0.35	0.66	0.03	-0.85	-3.82	0.38	-0.24	-0.02	0.03	-0.49	-3.78	0.58
C	1.16	-10.00	-0.21	0.40	-0.51	-0.41	-3.44	-3.44	-0.23	-0.48	-0.06	0.02	-3.44	1.16	0.77	-0.80	0.92	0.33	0.77	0.29	-0.31
G	-10.00	1.36	0.55	0.84	-1.23	-0.19	0.45	-10.00	0.06	-0.23	-0.45	-0.30	0.92	0.33	-1.10	0.89	-0.73	-0.50	0.00	-1.43	-0.10
scoring matrix:
A	-4.25	1.08	-1.54	0.44	-0.86	0.27	0.51	-4.15	-0.36	-0.48	-10.00	-0.14	-0.78	0.95	-0.09	-0.39	0.89	-0.74	-1.44	-0.80	-0.91	-0.08	-2.78	-0.29	-1.37	-1.32	-1.11	0.02	0.63	-0.59	0.11	0.62
T	-10.00	-10.00	0.42	-3.32	-3.97	-0.29	-3.97	1.15	0.47	-2.23	1.13	-0.25	-3.89	-3.89	0.12	-3.87	-10.00	0.45	0.87	0.03	0.15	0.06	1.18	-0.25	0.84	0.01	0.37	-1.95	0.07	0.30	-0.35	-2.36
C	-10.00	-10.00	0.72	0.90	-10.00	-0.49	-2.93	-0.87	0.17	-1.48	-0.74	-0.15	1.44	-10.00	-0.33	1.35	-3.50	0.58	-0.33	0.15	-0.27	0.62	-2.87	0.32	-10.00	-0.27	0.89	0.13	-1.83	0.38	0.40	-1.99
G	1.44	-3.94	-0.53	-3.79	1.28	0.14	0.61	-10.00	-0.62	1.12	-10.00	0.44	-3.71	-0.94	0.18	-10.00	-0.44	-0.98	-0.66	0.47	0.60	-1.21	-3.71	0.27	0.11	0.77	-2.20	0.60	-1.66	-0.20	-0.24	0.32
scoring matrix:
A	-0.70	-0.27	-3.36	-0.03	-0.16	0.42	-0.41	-1.52	-0.91	-0.06	-0.25	-0.67	-0.43	-0.92	-1.52	-0.90	-0.38	0.70	0.16	0.15	0.32	0.36	-0.10	-0.02
T	0.46	0.40	1.16	-0.27	-1.13	-0.00	0.20	-10.00	-3.80	0.19	-0.39	0.82	0.21	0.83	1.12	0.70	-0.70	-1.10	-1.35	-1.18	-3.17	-0.46	-0.05	-1.53
C	0.61	0.50	-1.81	0.32	-0.41	0.00	0.16	1.38	1.40	-0.51	0.45	-0.25	-0.41	-0.26	-2.81	0.10	-1.12	-0.09	-0.86	0.22	0.61	-0.15	0.65	0.36
G	-1.37	-2.01	-10.00	0.03	0.79	-1.87	0.08	-0.54	-1.73	0.14	0.21	-1.63	0.39	-1.01	-3.64	-0.75	0.91	-1.38	0.70	0.31	-0.23	-0.11	-0.89	0.44
scoring matrix:
A	-4.45	0.72	-10.00	0.52	-1.38	-0.54	-2.17	-2.07	0.17	0.61	0.71	0.61	-0.25	-1.69	-0.48	-4.45	1.11	-10.00	0.19	-3.78	-0.42	0.39	0.44	0.50	0.43	0.39	0.24	-10.00	0.39	-4.47	-10.00	-0.69
T	1.22	-2.33	0.54	-1.07	1.16	0.50	0.49	1.07	-0.48	-1.11	-0.02	-1.39	0.50	0.94	0.14	-10.00	-4.28	0.77	0.36	1.29	0.36	-0.19	-1.39	-0.98	-0.98	-4.28	-0.19	1.30	0.63	0.59	1.30	1.11
C	-3.17	-10.00	0.49	-10.00	-1.93	-0.19	0.63	-0.07	-0.29	0.33	-2.08	-0.93	-0.47	-2.48	0.33	-10.00	-10.00	0.83	-0.14	-3.87	0.10	0.27	0.26	-0.54	-3.86	-0.58	-0.51	-3.87	-3.87	1.04	-3.87	-2.78
G	-1.19	0.30	0.09	0.48	-2.01	-0.05	-0.18	-4.09	0.33	-1.32	-1.60	0.15	-0.17	0.04	0.06	1.49	-4.09	-4.09	-1.32	-4.09	-0.11	-1.37	-0.15	0.13	0.57	0.62	0.13	-10.00	-4.09	-10.00	-10.00	-10.00
scoring matrix:
A	0.04	-0.19	-0.37	-0.03	-1.98	-0.05	-0.89	-0.12	-0.23	-1.18	0.30	-1.02	-2.38	-3.36	-0.59	0.27	-2.24	0.11	0.03	0.52
T	0.30	0.54	0.16	-0.52	1.06	-0.41	-0.16	0.73	0.16	1.02	-0.89	0.08	-0.17	1.26	0.64	-0.15	0.84	-0.28	-1.62	-3.14
C	0.10	-0.08	-0.16	0.26	-0.28	-0.13	0.64	-1.71	0.16	-1.28	-1.53	0.04	1.35	-1.92	-0.86	0.17	0.34	0.09	0.14	-0.46
G	-0.90	-0.86	0.30	0.25	-2.87	0.45	0.26	-0.74	-0.05	-0.92	0.60	0.59	-1.59	-4.07	0.03	-0.56	-0.98	0.05	0.59	0.37
scoring matrix:
A	0.42	-0.13	-1.80	-0.24	-0.72	1.00	-10.00	-0.50	0.89	-0.46	-1.35	0.66	-2.81	0.14	-1.39	-0.31	0.92	0.80	0.45	-0.72	0.63	-0.13	-0.38
T	-0.77	0.23	1.13	0.32	-2.85	-4.23	0.29	-1.26	-4.21	0.25	0.97	0.23	0.74	-1.94	0.96	-0.48	-4.23	-0.65	-1.48	-1.21	-1.00	0.45	-3.14
C	-0.86	0.56	-3.13	0.38	-3.82	-0.72	1.13	1.27	-2.04	0.41	-0.59	-2.72	0.40	-2.22	0.05	0.28	-2.23	-0.53	-2.23	0.28	-3.13	-0.42	-0.60
G	0.29	-1.42	-0.93	-0.74	1.29	-2.95	-1.07	-1.02	-0.29	-0.24	-0.84	-2.93	-0.48	0.92	-2.65	0.46	-0.41	-2.44	0.60	0.85	0.22	-0.27	1.09
scoring matrix:
A	-0.93	0.59	-3.28	0.02	0.49	0.11	0.31	0.54	-1.63	0.98	0.79	0.42	-1.06	0.71	0.40	-0.65	0.69	-0.88	-2.54	-4.27
T	-0.36	-0.69	0.51	-2.26	-3.49	-0.11	-1.05	-10.00	0.61	-1.92	-1.24	-1.40	-1.74	-3.09	-0.71	0.70	-0.62	0.54	0.45	1.02
C	0.87	-1.82	1.00	0.68	0.47	-1.11	-3.75	-0.08	0.76	-1.19	-2.41	-2.01	-0.24	-0.07	-0.13	-1.49	-0.39	-0.01	0.76	0.13
G	0.09	0.06	-1.83	0.23	-0.32	0.39	0.70	0.18	-1.62	-2.62	-0.23	0.60	1.12	-0.42	-0.03	0.05	-1.07	-0.03	-0.37	-2.84
Start Probabilities	0.51	0.15	0.16	0.01	0.15	0.00	0.01	0.00	
Ending Probabilities	0.00	0.00	0.01	0.01	0.06	0.14	0.49	1.00	
Trasnition Probability Matrix
0.00	0.71	0.22	0.01	0.06	0.00	0.00	0.00	
0.00	0.00	0.90	0.02	0.08	0.00	0.00	0.00	
0.00	0.00	0.00	0.55	0.40	0.01	0.03	0.01	
0.00	0.00	0.00	0.00	0.92	0.06	0.01	0.00	
0.00	0.00	0.00	0.00	0.00	0.54	0.31	0.09	
0.00	0.00	0.00	0.00	0.00	0.00	0.48	0.38	
0.00	0.00	0.00	0.00	0.00	0.00	0.00	0.51	
0.00	0.00	0.00	0.00	0.00	0.00	0.00	0.00	
Window size:32
Gap length:400
Match score cuttof:6.78
++++++++++++++++++++++++++++++++++++++++++++++++++++++
######################################################
Gap Length:10000
