align matrix:
A	0	0	1	5	2	8	3	0	17	209	0	5
T	1	125	81	205	89	80	29	96	202	6	153	21
C	0	68	84	15	114	2	155	36	0	2	81	27
G	232	38	68	9	29	144	47	102	0	17	0	181
align matrix:
A	0	1	233	232	0	60	0	0	233	226	0	226	233	0	82	66	16	0	0	40	24	1	0	220	218	0	119	0	0	226	228	0	32	0	0	233	233	0
T	37	4	0	0	160	69	20	2	0	0	162	1	0	54	5	2	107	104	20	58	203	0	10	4	5	138	77	0	1	4	0	182	26	7	2	0	0	110
C	190	9	1	2	73	8	208	12	0	2	68	1	0	180	28	139	33	64	183	93	0	230	9	6	5	85	0	233	11	0	2	49	2	212	0	0	0	124
G	7	220	0	0	1	97	6	220	1	6	4	6	1	0	119	27	78	66	31	43	7	3	215	4	6	11	38	1	222	4	4	3	174	15	232	1	1	0
++++++++++++++++++++++++++++++++++++++++++++++++++++++
align matrix:
A	464	459	10	126	149	0	468	467	1	430	445	2	98	87	11	120	127	5
T	6	0	157	256	124	41	0	0	84	12	0	180	46	12	162	167	45	100
C	0	1	303	23	28	232	2	2	384	12	16	278	41	221	192	59	230	221
G	0	10	0	65	169	197	0	1	1	16	9	10	285	150	105	124	68	144
align matrix:
A	469	465	1	104	44	0	376	343
T	0	0	192	117	58	73	14	9
C	1	0	272	39	247	228	6	7
G	0	5	5	210	112	169	74	111
++++++++++++++++++++++++++++++++++++++++++++++++++++++
align matrix:
A	2	0	12	1	133	129	7	2
T	62	115	37	29	36	35	55	28
C	61	40	25	80	4	10	113	42
G	52	22	103	67	4	3	2	105
align matrix:
A	132	2	122	109	0	39	22	1	169	162	0	26	26	0	174	174	0	135	137	0
T	0	41	37	1	53	14	0	13	7	0	38	45	102	3	3	1	3	11	11	25
C	6	125	0	35	73	0	14	143	1	7	130	14	34	71	0	0	172	28	27	132
G	39	2	18	32	51	124	141	20	0	8	9	92	15	103	0	2	2	3	2	20
++++++++++++++++++++++++++++++++++++++++++++++++++++++
######################################################
align matrix:
A	7	0	127	158	2	20	16	2	123	167	0	124	173	0	115	157	0
T	6	52	98	32	118	102	177	15	85	16	10	138	44	19	78	9	26
C	27	259	33	57	203	54	78	105	15	14	330	24	28	283	9	16	284
G	301	30	83	94	18	165	70	219	118	144	1	55	96	39	139	159	23
align matrix:
A	106	90	0	99	111
T	105	38	68	35	29
C	19	76	256	0	167
G	111	137	17	207	34
++++++++++++++++++++++++++++++++++++++++++++++++++++++
align matrix:
A	100	0	0
T	150	1	7
C	0	346	12
G	97	0	328
align matrix:
A	102	153	0	38	0	0	125	154	0	132	17	0
T	106	35	269	37	8	29	97	32	192	75	273	44
C	38	70	70	46	271	10	27	62	154	14	9	293
G	101	82	8	226	68	307	98	99	1	125	48	10
align matrix:
A	0	1	2	4	2	11	1	2	4
T	18	77	207	53	258	0	36	31	98
C	11	186	5	196	35	322	12	165	238
G	318	83	133	66	52	1	298	149	7
++++++++++++++++++++++++++++++++++++++++++++++++++++++
align matrix:
A	72	0	18	20	0	64	116	2	37	28	0	81	90	0	58	33	0	57	32	0	23	39	0	16	15	0	33
T	13	77	109	15	22	85	15	34	40	45	16	53	19	15	70	128	49	17	1	102	116	101	64	14	3	43	75
C	30	118	5	93	91	14	24	174	31	63	96	22	21	189	30	16	148	0	15	86	6	6	127	103	7	150	37
G	96	16	79	83	98	48	56	1	103	75	99	55	81	7	53	34	14	137	163	23	66	58	20	78	186	18	66
++++++++++++++++++++++++++++++++++++++++++++++++++++++
######################################################
align matrix:
A	151	3	76	118	141	120	163	198	96	0	152	1	0	13	0	142	127	33	200	65
T	81	348	89	70	25	29	44	1	80	356	203	131	356	344	172	87	143	30	89	0
C	50	4	103	128	78	105	58	45	65	2	0	226	0	0	183	40	77	127	50	104
G	74	2	89	43	115	105	94	115	117	0	3	0	0	0	2	88	10	167	18	188
align matrix:
A	2	94	3	3	103	273	274	5	2	99	79	243	5	98	177	7	48	0	358	116
T	349	62	0	0	41	23	15	128	32	247	51	43	75	46	168	7	82	1	0	7
C	8	150	0	0	151	6	10	215	268	0	59	53	258	97	1	184	144	358	1	7
G	0	53	357	357	64	57	60	10	56	12	170	20	21	118	13	161	85	0	0	228
align matrix:
A	38	72	239	84	107	212	96	93	2	45	82	100	53	102	183	87	122	24	45	133
T	65	5	5	28	16	19	59	64	249	89	39	111	39	55	26	88	134	54	40	95
C	112	23	69	59	52	44	68	51	82	163	68	28	159	114	53	38	15	214	150	27
G	124	239	27	169	165	65	117	132	7	43	149	99	87	67	76	125	67	46	103	83
++++++++++++++++++++++++++++++++++++++++++++++++++++++
align matrix:
A	48	180	46	36	55	52	96	154	57	186	164	16	64	0	90	34	128	17	82	171	100	12	2	39	41
T	5	1	80	91	96	96	30	0	81	8	11	135	81	224	38	102	47	112	17	6	32	31	7	73	131
C	2	24	43	22	44	59	8	42	77	6	22	48	64	1	18	45	11	42	34	18	55	0	207	48	10
G	161	16	52	73	27	17	91	29	10	25	28	26	16	0	79	39	34	50	93	31	39	183	10	66	40
align matrix:
A	112	102	100	112	134	99	5	1	97	62	77	71	106	136	85	55	44	60	186	90	94	111	99	65	43	55	42	211	205	138
T	19	37	48	13	26	36	49	67	67	45	82	17	14	6	69	13	0	60	9	21	37	17	31	57	108	19	48	1	2	18
C	49	25	24	22	44	19	3	145	15	67	16	27	67	12	34	6	6	64	3	26	32	29	12	39	64	22	19	7	5	6
G	38	54	46	72	15	65	162	6	40	45	44	104	32	65	31	145	169	35	22	83	57	64	79	60	6	127	114	4	11	61
align matrix:
A	75	18	91	21	99	122	104	88	37	70	129	132	25	39	97	33	32	73	64	40	127	98	82
T	59	167	95	140	19	91	57	26	160	38	8	13	58	49	59	96	33	120	53	13	25	27	34
C	14	31	1	49	35	5	19	69	17	12	35	62	79	90	33	45	84	12	33	52	39	18	9
G	70	3	32	11	68	3	41	38	7	99	47	13	58	42	31	46	71	14	69	114	28	76	94
align matrix:
A	115	1	85	129	74	54	41	67	47	61	86	44	83	73	30	150	22	135	104	54	68	121	103	60	9	1	132	89	57	73
T	103	115	3	14	48	33	127	68	41	15	35	4	4	62	175	35	145	13	14	48	33	48	35	152	203	86	28	37	57	14
C	2	104	103	37	28	78	52	51	38	57	30	80	80	48	16	27	55	71	28	71	11	34	25	11	1	73	23	68	47	27
G	4	5	34	45	75	60	5	39	98	91	74	97	59	43	5	14	4	7	80	53	114	21	61	1	12	65	42	31	64	111
align matrix:
A	119	0	105	76	70	39	168	0	81	96	94	111	81	40	56	62	78	57	72	91	73	72
T	1	1	18	15	98	95	5	226	100	14	64	13	62	24	58	36	81	82	57	1	53	104
C	107	0	29	73	37	51	2	2	28	73	58	26	2	101	64	58	46	40	83	98	59	21
G	0	225	75	63	23	43	53	0	19	45	11	77	82	61	48	70	21	47	14	36	41	29
align matrix:
A	144	64	81	203	18	25	1	50	77	2	57	104	10	20	85	166	19	83	108	26	64	2
T	47	70	5	2	149	71	25	73	39	225	105	107	105	66	4	2	113	11	97	72	30	213
C	0	47	144	1	52	4	162	56	67	1	31	0	13	53	13	12	47	15	17	43	1	10
G	39	49	0	24	11	130	42	51	47	2	36	17	100	89	127	49	50	119	6	87	133	3
align matrix:
A	46	34	143	80	39	62	91	42	129	49	35	3	26	80	135	111	106	81	107	80	93	52	22	18	23	217	0	72	33	144
T	65	16	50	82	1	4	32	29	52	124	73	223	112	60	20	46	9	23	44	35	26	99	162	204	96	2	224	82	91	10
C	12	29	10	47	151	123	24	78	25	27	78	1	20	30	49	16	76	61	28	94	41	38	44	5	64	5	5	75	75	9
G	96	141	18	18	36	38	80	78	21	26	40	0	69	57	23	54	35	61	47	18	67	38	0	1	46	5	0	0	30	66
align matrix:
A	42	102	131	38	211	108	38	34	67	41	0	3	114	82	13	17	144	64	81	167	179	125	61	73	104	181	126	113
T	98	8	6	120	21	3	99	123	12	107	0	0	40	127	0	87	6	139	48	5	39	13	2	1	42	10	9	21
C	55	1	91	51	0	115	67	0	72	78	0	231	46	2	95	94	73	1	47	20	8	22	7	1	63	45	1	28
G	35	119	2	21	0	9	31	78	84	9	235	0	34	19	122	32	11	30	58	42	8	74	165	160	26	0	100	75
align matrix:
A	93	3	24	0	236	0	122	16	60	147	84	136	201	210	123	0	108	0	0	132	1	11	195	61	210
T	103	107	101	0	0	161	92	218	102	46	3	26	2	0	18	237	126	112	236	103	177	46	2	46	18
C	4	29	78	0	0	73	5	2	70	37	87	28	7	3	3	0	2	124	0	2	59	64	32	94	7
G	36	97	31	236	0	2	17	1	5	7	63	47	27	24	93	0	1	1	1	0	0	116	8	36	2
align matrix:
A	150	103	11	167	38	6	0	58	75	120	77	69	162	56	45	11	25	69	19	62	57	188	70	103	139	73	149	2
T	2	27	144	31	115	110	175	50	72	23	47	64	14	43	112	107	97	46	133	65	31	20	78	18	44	40	9	205
C	26	17	10	1	47	86	51	34	31	6	5	19	8	23	32	13	63	108	1	15	24	14	44	21	31	63	39	24
G	52	83	65	31	30	28	4	88	52	81	101	78	46	108	41	99	45	7	77	88	118	8	38	88	16	54	34	0
++++++++++++++++++++++++++++++++++++++++++++++++++++++
align matrix:
A	4	15	2	115	3	172	1	33	210	85	138	173	102	204	4	87	87	29	66
T	156	127	246	63	245	67	134	21	1	61	10	30	17	10	237	74	105	123	104
C	91	90	2	19	3	10	111	41	29	28	91	22	15	6	10	57	20	15	66
G	1	22	4	57	3	5	6	157	12	78	13	27	118	32	1	34	40	85	16
align matrix:
A	5	27	85	89	92	48	83	82	8	7	51	34	149	22	78	211	118	192	214	62	10	3	134	118	83	65	170
T	235	65	32	54	23	32	115	68	6	8	62	63	84	138	31	21	48	3	5	31	22	25	31	22	3	21	9
C	1	69	103	1	79	148	19	30	1	234	60	56	18	87	61	7	28	42	3	87	0	227	65	73	49	60	66
G	11	91	32	109	59	25	36	73	238	4	79	99	1	5	82	14	59	16	31	74	223	0	25	42	120	109	10
align matrix:
A	98	49	24	204	30	137	167	121	147	234	25	92	34	51	6	213	98	29	130	59	127	229	16	64	13	68	43	104	60	106	105	51	48
T	149	68	17	41	63	11	1	30	1	1	109	25	127	73	42	29	78	28	15	58	90	13	114	49	211	70	41	99	57	20	10	77	82
C	5	119	21	3	96	25	42	15	29	3	118	121	31	30	5	7	41	27	75	55	19	3	104	95	23	35	88	28	23	34	67	59	107
G	1	17	191	6	65	81	44	88	77	16	2	16	62	100	201	5	37	170	34	82	18	9	20	46	7	81	82	23	113	93	73	67	17
align matrix:
A	196	12	92	3	151	5	167	145	116	159	35	67	26	17	54	72	198	146	20	237	13
T	28	25	83	248	92	120	6	34	46	5	18	81	186	7	75	4	2	16	207	1	174
C	4	185	33	1	0	123	57	43	35	87	206	90	12	202	69	50	45	17	35	12	71
G	24	30	49	8	18	13	31	39	64	10	2	23	37	35	63	135	16	84	2	13	4
align matrix:
A	53	68	268	272	179	54	198	165	138	2	73	86	158	70	252	0	89
T	6	50	0	0	0	15	27	2	2	1	15	9	97	52	1	269	120
C	126	54	0	0	0	15	23	17	131	0	31	38	10	44	8	2	55
G	81	94	1	1	94	189	25	89	2	270	154	139	7	106	11	1	8
align matrix:
A	2	71	137	214	28	98	15	41	100	3	74	45	237	146	0	15
T	265	31	9	30	98	2	228	112	81	267	73	0	8	2	11	8
C	7	23	122	16	57	15	30	48	86	6	37	17	8	11	245	225
G	2	151	8	16	93	161	3	75	9	0	92	214	23	109	12	20
align matrix:
A	55	113	68	129	7	12	86	72	38	63	121	93	57	75	72	86	24	7	3	255	4	76	107	119	61
T	87	131	145	61	248	88	18	52	138	97	78	5	54	76	114	61	203	200	112	3	79	68	24	30	108
C	39	15	28	61	21	25	19	46	53	56	26	126	49	27	57	103	39	16	114	11	192	55	42	89	34
G	84	9	28	25	0	151	153	106	47	60	51	51	115	97	32	26	10	53	47	7	1	77	99	32	67
align matrix:
A	145	11	236	4	82	47	118	125	246	152	75	123	62	196	20	101
T	50	4	24	127	4	26	18	2	4	16	12	6	92	42	33	57
C	34	12	7	122	153	129	16	5	21	17	30	23	97	12	171	83
G	44	246	7	21	34	71	125	145	5	91	160	125	25	26	52	35
align matrix:
A	246	275	163	163	0	61	0	277	0	177	0	77	118	96	79	203	276
T	1	1	0	38	254	54	0	0	159	14	255	62	11	16	9	0	0
C	14	0	2	67	4	47	0	0	120	1	10	110	130	12	76	76	0
G	17	1	112	10	20	117	279	2	0	87	14	30	20	155	115	0	3
align matrix:
A	81	1	45	1	0	242	6	5	74	47	122	35	31	220	1	139	76
T	32	267	206	147	277	28	159	8	4	98	138	2	91	4	265	78	12
C	32	0	12	128	0	0	114	200	199	61	12	161	125	4	13	44	39
G	134	11	16	3	2	9	0	66	2	73	7	81	32	51	0	16	147
align matrix:
A	64	174	90	58	2	48	31	2	78	56	79	34	23	5	79	61
T	23	12	54	66	222	69	76	275	68	107	5	43	92	265	61	81
C	70	7	31	130	53	16	164	0	63	49	30	51	148	4	20	110
G	121	85	103	24	1	145	7	1	69	56	154	138	3	2	116	24
align matrix:
A	81	1	3	61	197	205	9	4	224	1	98	7	91	118	1	53	4	240
T	87	0	2	34	55	46	155	255	38	144	71	196	88	145	2	76	6	5
C	96	0	1	107	10	20	112	15	13	127	82	73	52	3	150	121	255	26
G	13	276	271	75	15	7	2	4	2	4	25	0	45	10	123	26	11	2
align matrix:
A	274	1	28	272	1	240	2	20	40	2	60	159	2	98	17	6	70	3	66	60	114	83	62	152
T	0	166	0	0	190	22	269	104	22	205	71	51	269	101	165	259	71	52	2	95	56	1	60	14
C	0	107	0	0	83	8	1	45	11	46	42	32	1	21	85	6	97	35	98	102	31	98	94	2
G	0	0	246	2	0	4	2	104	200	20	100	31	1	53	6	2	35	182	106	14	71	88	52	100
align matrix:
A	15	249	249	185	94	204	113	73	168	113	3	0	38	29	222	19	134	138	96	32	0	87	72
T	88	1	2	16	11	3	10	44	45	28	74	270	67	1	9	89	30	43	42	72	193	21	33
C	147	18	18	2	32	21	17	41	49	38	193	2	30	233	0	136	36	41	66	65	68	59	151
G	19	1	0	66	132	41	132	114	8	91	0	0	137	9	41	28	72	50	68	103	11	105	16
align matrix:
A	38	52	86	100	124	45	173	72	216	0	55	116	175	77	98	162	76	19	187	11	31	2	27	75	82	75	41	140	51
T	182	65	15	57	26	29	60	29	36	256	102	10	16	60	10	47	60	243	56	128	112	258	38	12	21	71	10	21	74
C	11	61	33	63	55	15	27	42	0	15	83	10	19	32	45	27	53	3	0	97	108	9	59	41	71	22	35	58	86
G	40	93	137	51	65	181	10	127	19	0	31	135	61	102	119	36	83	7	29	36	20	0	138	131	84	95	183	37	45
align matrix:
A	64	97	1	53	130	0	144	252	237	110	84	44	66	259	39
T	73	38	250	68	1	0	5	1	0	0	76	0	69	0	168
C	58	100	14	75	135	0	45	5	1	21	58	88	104	4	52
G	70	30	0	70	0	267	73	10	30	137	48	136	29	5	9
++++++++++++++++++++++++++++++++++++++++++++++++++++++
######################################################
