scoring matrix:
A	-10.00	-10.00	-4.23	-2.62	-3.54	-2.15	-3.13	-10.00	-1.25	1.11	-10.00	-2.62
T	-3.96	0.85	0.42	1.34	0.51	0.40	-0.61	0.59	1.31	-2.19	1.05	-0.93
C	-10.00	0.19	0.39	-1.33	0.69	-3.35	1.00	-0.46	-10.00	-3.35	0.35	-0.75
G	1.44	-0.35	0.22	-1.81	-0.64	0.97	-0.15	0.62	-10.00	-1.17	-10.00	1.19
scoring matrix:
A	-10.00	-4.23	1.22	1.22	-10.00	-0.14	-10.00	-10.00	1.22	1.19	-10.00	1.19	1.22	-10.00	0.18	-0.04	-1.46	-10.00	-10.00	-0.54	-1.05	-4.23	-10.00	1.16	1.15	-10.00	0.55	-10.00	-10.00	1.19	1.20	-10.00	-0.77	-10.00	-10.00	1.22	1.22	-10.00
T	-0.37	-2.59	-10.00	-10.00	1.10	0.26	-0.98	-3.28	-10.00	-10.00	1.11	-3.98	-10.00	0.01	-2.37	-3.28	0.69	0.67	-0.98	0.08	1.34	-10.00	-1.68	-2.59	-2.37	0.95	0.37	-10.00	-3.98	-2.59	-10.00	1.23	-0.72	-2.03	-3.28	-10.00	-10.00	0.72
C	1.20	-1.85	-4.04	-3.35	0.25	-1.96	1.29	-1.56	-10.00	-3.35	0.18	-4.04	-10.00	1.15	-0.71	0.89	-0.55	0.12	1.17	0.49	-10.00	1.40	-1.85	-2.25	-2.43	0.40	-10.00	1.41	-1.64	-10.00	-3.35	-0.15	-3.35	1.31	-10.00	-10.00	-10.00	0.78
G	-2.06	1.39	-10.00	-10.00	-4.00	0.57	-2.21	1.39	-4.00	-2.21	-2.62	-2.21	-4.00	-10.00	0.77	-0.71	0.35	0.19	-0.57	-0.24	-2.06	-2.91	1.37	-2.62	-2.21	-1.61	-0.37	-4.00	1.40	-2.62	-2.62	-2.91	1.15	-1.30	1.44	-4.00	-4.00	-10.00
Start Probabilities	0.93	0.07	
Ending Probabilities	0.00	1.00	
Trasnition Probability Matrix
0.00	1.00	
0.00	0.00	
Window size:38
Gap length:50
Match score cuttof:14.19
++++++++++++++++++++++++++++++++++++++++++++++++++++++
scoring matrix:
A	0.87	0.86	-2.97	-0.44	-0.27	-10.00	0.87	0.87	-5.27	0.79	0.82	-4.58	-0.69	-0.81	-2.88	-0.49	-0.43	-3.66
T	-2.51	-10.00	0.76	1.25	0.52	-0.59	-10.00	-10.00	0.13	-1.81	-10.00	0.89	-0.47	-1.81	0.79	0.82	-0.49	0.31
C	-10.00	-4.77	0.94	-1.64	-1.44	0.68	-4.08	-4.08	1.18	-2.29	-2.00	0.86	-1.06	0.63	0.49	-0.69	0.67	0.63
G	-10.00	-2.12	-10.00	-0.25	0.71	0.86	-10.00	-4.42	-4.42	-1.65	-2.22	-2.12	1.23	0.59	0.23	0.40	-0.20	0.55
scoring matrix:
A	0.88	0.87	-5.27	-0.63	-1.44	-10.00	0.66	0.56
T	-10.00	-10.00	0.96	0.46	-0.22	-0.01	-1.66	-2.10
C	-4.77	-10.00	0.84	-1.11	0.74	0.66	-2.98	-2.82
G	-10.00	-2.81	-2.81	0.93	0.31	0.71	-0.12	0.29
Start Probabilities	0.75	0.25	
Ending Probabilities	0.15	1.00	
Trasnition Probability Matrix
0.00	0.85	
0.00	0.00	
Window size:18
Gap length:50
Match score cuttof:13.01
++++++++++++++++++++++++++++++++++++++++++++++++++++++
scoring matrix:
A	-3.54	-10.00	-1.75	-4.23	0.66	0.63	-2.29	-3.54
T	0.75	1.37	0.23	-0.01	0.20	0.18	0.63	-0.05
C	0.28	-0.14	-0.61	0.55	-2.45	-1.53	0.89	-0.10
G	0.47	-0.39	1.16	0.73	-2.09	-2.38	-2.79	1.18
scoring matrix:
A	0.65	-3.36	0.57	0.46	-10.00	-0.57	-1.14	-4.23	0.90	0.85	-10.00	-0.98	-0.98	-10.00	0.92	0.92	-10.00	0.67	0.69	-10.00
T	-10.00	0.36	0.23	-3.38	0.59	-0.74	-10.00	-0.81	-1.43	-10.00	0.26	0.43	1.25	-2.28	-2.28	-3.38	-2.28	-0.98	-0.98	-0.16
C	-2.04	0.99	-10.00	-0.28	0.46	-10.00	-1.19	1.13	-3.83	-1.89	1.03	-1.19	-0.31	0.43	-10.00	-10.00	1.31	-0.50	-0.54	1.05
G	0.18	-2.64	-0.59	-0.01	0.45	1.34	1.47	-0.48	-10.00	-1.40	-1.28	1.04	-0.77	1.16	-10.00	-2.79	-2.79	-2.38	-2.79	-0.48
Start Probabilities	0.59	0.41	
Ending Probabilities	0.24	1.00	
Trasnition Probability Matrix
0.00	0.76	
0.00	0.00	
Window size:20
Gap length:50
Match score cuttof:6.65
++++++++++++++++++++++++++++++++++++++++++++++++++++++
######################################################
scoring matrix:
A	-2.28	-10.00	0.62	0.84	-3.53	-1.23	-1.45	-3.53	0.59	0.89	-10.00	0.60	0.93	-10.00	0.52	0.83	-10.00
T	-2.29	-0.13	0.51	-0.61	0.69	0.55	1.10	-1.37	0.36	-1.31	-1.78	0.85	-0.30	-1.14	0.28	-1.88	-0.78
C	-1.31	0.95	-1.11	-0.57	0.70	-0.62	-0.25	0.04	-1.90	-1.97	1.19	-1.43	-1.28	1.04	-2.41	-1.84	1.04
G	0.98	-1.33	-0.31	-0.19	-1.84	0.38	-0.48	0.66	0.04	0.24	-4.73	-0.72	-0.16	-1.07	0.21	0.34	-1.53
scoring matrix:
A	0.44	0.28	-10.00	0.37	0.49
T	0.57	-0.44	0.14	-0.52	-0.71
C	-1.67	-0.28	0.93	-10.00	0.51
G	-0.02	0.19	-1.90	0.60	-1.20
Start Probabilities	0.64	0.36	
Ending Probabilities	0.35	1.00	
Trasnition Probability Matrix
0.00	0.65	
0.00	0.00	
Window size:17
Gap length:50
Match score cuttof:9.47
++++++++++++++++++++++++++++++++++++++++++++++++++++++
scoring matrix:
A	1.06	-10.00	-10.00
T	0.54	-4.47	-2.53
C	-10.00	1.20	-2.16
G	-0.22	-10.00	1.00
scoring matrix:
A	1.08	1.48	-10.00	0.10	-10.00	-10.00	1.29	1.50	-10.00	1.34	-0.71	-10.00
T	0.19	-0.88	1.12	-0.86	-2.39	-1.10	0.10	-1.01	0.79	-0.15	1.14	-0.69
C	-1.01	-0.37	-0.40	-0.82	0.95	-2.34	-1.35	-0.52	0.39	-2.00	-2.45	1.03
G	-0.18	-0.36	-2.71	0.63	-0.57	0.94	-0.21	-0.20	-4.79	0.04	-0.92	-2.49
scoring matrix:
A	-10.00	-3.54	-2.85	-1.90	-2.85	-1.06	-3.54	-2.85	-2.15
T	-1.58	-0.13	0.86	-0.38	1.08	-10.00	-0.89	-1.04	0.11
C	-2.25	0.58	-3.04	0.66	-1.09	1.12	-2.16	0.46	0.82
G	0.97	-0.37	0.10	-0.48	-0.84	-4.58	0.91	0.21	-2.85
Start Probabilities	0.95	0.03	0.02	
Ending Probabilities	0.01	0.10	1.00	
Trasnition Probability Matrix
0.00	0.90	0.09	
0.00	0.00	0.90	
0.00	0.00	0.00	
Window size:12
Gap length:50
Match score cuttof:16.86
++++++++++++++++++++++++++++++++++++++++++++++++++++++
scoring matrix:
A	0.85	-10.00	-0.54	-0.43	-10.00	0.73	1.33	-2.73	0.18	-0.09	-10.00	0.97	1.07	-10.00	0.63	0.07	-10.00	0.62	0.04	-10.00	-0.29	0.26	-10.00	-0.65	-0.72	-10.00	0.07
T	-1.34	0.44	0.78	-1.20	-0.82	0.54	-1.20	-0.38	-0.22	-0.10	-1.13	0.06	-0.96	-1.20	0.34	0.95	-0.01	-1.07	-3.91	0.72	0.85	0.72	0.25	-1.27	-2.81	-0.15	0.41
C	-0.78	0.59	-2.58	0.35	0.33	-1.55	-1.01	0.97	-0.75	-0.04	0.38	-1.09	-1.14	1.06	-0.78	-1.41	0.81	-10.00	-1.48	0.27	-2.39	-2.28	0.66	0.45	-2.24	0.83	-0.57
G	0.39	-1.40	0.20	0.25	0.41	-0.30	-0.15	-4.17	0.46	0.15	0.42	-0.16	0.22	-2.23	-0.20	-0.65	-1.53	0.75	0.92	-1.04	0.02	-0.07	-1.18	0.19	1.05	-1.28	0.02
Start Probabilities	0.00	
Ending Probabilities	0.00	
Trasnition Probability Matrix
0.00	
Window size:27
Gap length:50
Match score cuttof:0.00
++++++++++++++++++++++++++++++++++++++++++++++++++++++
######################################################
scoring matrix:
A	0.41	-3.48	-0.27	0.16	0.34	0.18	0.48	0.68	-0.04	-10.00	0.41	-4.58	-10.00	-2.02	-10.00	0.35	0.24	-1.10	0.69	-0.43
T	-0.03	1.41	0.06	-0.19	-1.21	-1.07	-0.65	-4.42	-0.05	1.43	0.87	0.44	1.43	1.40	0.71	0.03	0.53	-1.02	0.06	-10.00
C	-0.50	-3.00	0.22	0.43	-0.06	0.23	-0.36	-0.61	-0.24	-3.71	-10.00	1.00	-10.00	-10.00	0.79	-0.72	-0.07	0.42	-0.50	0.23
G	-0.19	-3.78	-0.01	-0.74	0.24	0.15	0.04	0.24	0.26	-10.00	-3.39	-10.00	-10.00	-10.00	-3.78	-0.02	-2.18	0.61	-1.60	0.73
scoring matrix:
A	-3.91	-0.07	-3.51	-3.51	0.02	1.00	1.00	-2.98	-3.89	-0.01	-0.24	0.88	-2.99	-0.03	0.56	-2.66	-0.74	-10.00	1.27	0.15
T	1.41	-0.31	-10.00	-10.00	-0.72	-1.30	-1.72	0.42	-0.96	1.07	-0.50	-0.67	-0.12	-0.61	0.68	-2.48	-0.03	-4.42	-10.00	-2.47
C	-2.34	0.59	-10.00	-10.00	0.59	-2.62	-2.11	0.95	1.17	-10.00	-0.34	-0.45	1.13	0.15	-4.41	0.79	0.55	1.45	-4.41	-2.46
G	-10.00	-0.54	1.37	1.37	-0.35	-0.46	-0.41	-2.19	-0.48	-2.01	0.63	-1.51	-1.46	0.26	-1.94	0.57	-0.06	-10.00	-10.00	0.92
scoring matrix:
A	-0.86	-0.26	0.87	-0.12	0.11	0.76	0.01	-0.02	-3.65	-0.71	-0.13	0.05	-0.54	0.07	0.62	-0.08	0.24	-1.29	-0.70	0.32
T	-0.19	-2.61	-2.62	-0.99	-1.52	-1.36	-0.29	-0.21	1.07	0.10	-0.67	0.31	-0.67	-0.35	-1.05	0.09	0.49	-0.36	-0.65	0.17
C	0.33	-1.16	-0.13	-0.27	-0.39	-0.55	-0.14	-0.41	0.04	0.69	-0.13	-0.97	0.66	0.35	-0.37	-0.68	-1.55	0.94	0.61	-1.00
G	0.35	0.97	-1.09	0.64	0.62	-0.26	0.29	0.41	-2.37	-0.65	0.52	0.14	0.02	-0.23	-0.11	0.36	-0.23	-0.58	0.18	-0.03
Start Probabilities	0.95	0.04	0.01	
Ending Probabilities	0.10	0.73	1.00	
Trasnition Probability Matrix
0.00	0.87	0.03	
0.00	0.00	0.27	
0.00	0.00	0.00	
Window size:20
Gap length:400
Match score cuttof:20.83
++++++++++++++++++++++++++++++++++++++++++++++++++++++
scoring matrix:
A	-0.39	0.80	-0.46	-0.70	-0.30	-0.37	0.21	0.65	-0.28	0.83	0.71	-1.49	-0.18	-10.00	0.15	-0.74	0.49	-1.39	0.06	0.75	0.24	-1.77	-3.47	-0.65	-0.58
T	-2.19	-3.76	0.31	0.43	0.48	0.47	-0.63	-10.00	0.31	-1.88	-1.58	0.79	0.31	1.27	-0.41	0.54	-0.18	0.62	-1.18	-2.16	-0.58	-0.61	-2.02	0.21	0.77
C	-2.65	-0.43	0.11	-0.52	0.13	0.40	-1.49	0.07	0.65	-1.77	-0.54	0.20	0.47	-3.46	-0.73	0.16	-1.14	0.09	-0.13	-0.73	0.33	-10.00	1.59	0.20	-1.25
G	1.08	-1.06	0.04	0.35	-0.58	-1.03	0.55	-0.53	-1.54	-0.67	-0.56	-0.63	-1.09	-10.00	0.42	-0.22	-0.35	0.00	0.57	-0.47	-0.25	1.21	-1.55	0.25	-0.21
scoring matrix:
A	0.37	0.29	0.27	0.37	0.53	0.26	-2.49	-3.97	0.24	-0.17	0.02	-0.05	0.32	0.55	0.12	-0.29	-0.49	-0.21	0.84	0.16	0.20	0.36	0.25	-0.14	-0.52	-0.31	-0.56	0.95	0.93	0.55
T	-1.00	-0.39	-0.15	-1.36	-0.72	-0.42	-0.14	0.15	0.15	-0.21	0.34	-1.11	-1.29	-2.07	0.18	-1.36	-10.00	0.05	-1.71	-0.92	-0.40	-1.13	-0.57	-0.01	0.59	-1.04	-0.18	-3.80	-3.15	-1.09
C	0.24	-0.37	-0.41	-0.50	0.14	-0.63	-2.33	1.24	-0.85	0.53	-0.79	-0.31	0.53	-1.06	-0.10	-1.69	-1.69	0.49	-2.35	-0.35	-0.16	-0.25	-1.07	0.02	0.48	-0.52	-0.66	-1.60	-1.91	-1.74
G	-0.24	0.09	-0.06	0.35	-1.10	0.25	1.09	-1.94	-0.19	-0.09	-0.11	0.69	-0.40	0.25	-0.43	0.99	1.13	-0.32	-0.75	0.48	0.13	0.23	0.43	0.17	-1.97	0.87	0.77	-2.37	-1.42	0.18
scoring matrix:
A	0.00	-1.31	0.18	-1.19	0.25	0.44	0.30	0.14	-0.66	-0.06	0.50	0.52	-1.02	-0.61	0.23	-0.76	-0.79	-0.02	-0.15	-0.58	0.48	0.25	0.08
T	0.04	0.99	0.47	0.83	-1.03	0.43	-0.01	-0.73	0.95	-0.37	-1.80	-1.37	0.01	-0.14	0.03	0.48	-0.51	0.69	-0.06	-1.36	-0.76	-0.68	-0.47
C	-0.91	-0.18	-3.34	0.23	-0.08	-1.89	-0.65	0.55	-0.75	-1.06	-0.07	0.45	0.68	0.80	-0.13	0.16	0.73	-1.06	-0.12	0.29	0.03	-0.68	-1.32
G	0.32	-2.58	-0.40	-1.40	0.29	-2.61	-0.18	-0.25	-1.82	0.64	-0.05	-1.24	0.14	-0.15	-0.43	-0.07	0.33	-1.16	0.31	0.77	-0.52	0.40	0.59
scoring matrix:
A	0.38	-4.11	0.09	0.49	-0.04	-0.34	-0.60	-0.13	-0.46	-0.22	0.10	-0.53	0.07	-0.06	-0.90	0.63	-1.19	0.53	0.28	-0.34	-0.12	0.43	0.28	-0.23	-2.03	-4.11	0.51	0.14	-0.28	-0.05
T	0.54	0.64	-2.81	-1.35	-0.19	-0.54	0.73	0.14	-0.33	-1.28	-0.48	-2.53	-2.55	0.05	1.04	-0.49	0.86	-1.43	-1.36	-0.19	-0.55	-0.18	-0.48	0.90	1.18	0.37	-0.69	-0.43	-0.02	-1.35
C	-2.79	0.93	0.92	-0.05	-0.31	0.66	0.28	0.26	-0.02	0.37	-0.24	0.68	0.68	0.20	-0.85	-0.35	0.33	0.57	-0.31	0.57	-1.20	-0.12	-0.41	-1.18	-3.46	0.60	-0.49	0.53	0.18	-0.34
G	-2.39	-2.19	-0.38	-0.11	0.37	0.16	-2.19	-0.25	0.62	0.55	0.36	0.61	0.14	-0.16	-2.20	-1.23	-2.42	-1.89	0.43	0.04	0.76	-0.83	0.18	-3.69	-1.36	0.23	-0.18	-0.47	0.22	0.74
scoring matrix:
A	0.41	-10.00	0.29	-0.02	-0.10	-0.66	0.73	-10.00	0.04	0.20	0.18	0.34	0.04	-0.63	-0.31	-0.21	0.01	-0.29	-0.07	0.15	-0.06	-0.07
T	-3.89	-3.87	-1.13	-1.30	0.48	0.45	-2.37	1.28	0.50	-1.38	0.08	-1.44	0.05	-0.85	-0.01	-0.46	0.31	0.32	-0.03	-3.87	-0.10	0.54
C	0.96	-10.00	-0.29	0.59	-0.06	0.25	-2.85	-2.85	-0.33	0.59	0.37	-0.39	-2.84	0.90	0.47	0.38	0.16	0.02	0.72	0.88	0.39	-0.59
G	-10.00	1.41	0.36	0.20	-0.77	-0.17	0.03	-10.00	-0.95	-0.13	-1.47	0.39	0.45	0.17	-0.06	0.30	-0.84	-0.08	-1.23	-0.33	-0.21	-0.54
scoring matrix:
A	0.58	-0.20	0.03	0.92	-1.43	-1.11	-4.22	-0.44	-0.02	-3.55	-0.31	0.27	-1.97	-1.30	0.08	0.72	-1.36	0.06	0.31	-1.05	-0.19	-3.51
T	-0.23	0.15	-2.40	-3.28	0.88	0.17	-0.84	0.19	-0.41	1.28	0.55	0.57	0.55	0.10	-2.60	-3.26	0.62	-1.61	0.47	0.19	-0.65	1.23
C	-10.00	0.16	1.25	-3.56	0.26	-2.22	1.36	0.33	0.51	-3.56	-0.23	-10.00	-1.06	0.29	-1.07	-1.15	0.17	-0.92	-0.80	0.09	-3.52	-1.31
G	-0.28	-0.06	-10.00	-0.74	-1.50	0.89	-0.20	-0.02	-0.10	-3.15	-0.35	-1.06	0.64	0.53	0.87	-0.05	-0.03	0.80	-2.06	0.50	0.91	-2.72
scoring matrix:
A	-0.45	-0.74	0.59	0.03	-0.66	-0.22	0.15	-0.59	0.48	-0.43	-0.75	-3.10	-1.04	0.03	0.53	0.34	0.30	0.04	0.31	0.03	0.17	-0.38	-1.21	-1.41	-1.18	0.98	-10.00	-0.08	-0.83	0.58
T	0.12	-1.18	-0.13	0.32	-3.89	-2.57	-0.58	-0.68	-0.12	0.71	0.21	1.27	0.61	0.02	-1.03	-0.24	-1.78	-0.89	-0.27	-0.50	-0.78	0.50	0.96	1.19	0.46	-3.26	1.28	0.31	0.41	-1.71
C	-1.06	-0.25	-1.24	0.17	1.29	1.09	-0.47	0.66	-0.43	-0.35	0.66	-3.50	-0.64	-0.25	0.21	-0.85	0.63	0.43	-0.31	0.84	0.04	-0.03	0.11	-1.98	0.46	-1.99	-1.99	0.62	0.62	-1.42
G	0.61	0.97	-0.95	-1.00	-0.34	-0.28	0.43	0.40	-0.85	-0.64	-0.23	-10.00	0.28	0.10	-0.76	0.05	-0.36	0.17	-0.08	-1.00	0.26	-0.28	-10.00	-3.77	-0.11	-2.25	-10.00	-10.00	-0.52	0.24
scoring matrix:
A	-0.61	0.25	0.49	-0.70	0.95	0.29	-0.74	-0.85	-0.18	-0.67	-10.00	-3.23	0.35	0.04	-1.74	-1.48	0.58	-0.22	0.01	0.72	0.79	0.44	-0.27	-0.10	0.25	0.80	0.44	0.33
T	0.48	-1.94	-2.22	0.67	-1.03	-2.97	0.48	0.69	-1.61	0.55	-10.00	-10.00	-0.41	0.73	-10.00	0.36	-2.28	0.81	-0.23	-2.46	-0.44	-1.52	-3.37	-4.06	-0.37	-1.80	-1.90	-1.07
C	0.32	-3.56	0.80	0.24	-10.00	1.03	0.50	-10.00	0.57	0.65	-10.00	1.72	0.13	-2.89	0.84	0.83	0.58	-3.64	0.15	-0.69	-1.59	-0.60	-1.73	-3.66	0.44	0.10	-3.68	-0.38
G	-0.38	0.80	-3.15	-0.87	-10.00	-1.75	-0.53	0.38	0.45	-1.75	1.47	-10.00	-0.43	-0.97	0.83	-0.47	-1.54	-0.56	0.09	-0.22	-1.85	0.33	1.12	1.09	-0.70	-10.00	0.63	0.34
scoring matrix:
A	0.14	-3.27	-1.19	-10.00	1.06	-10.00	0.41	-1.62	-0.30	0.59	0.03	0.51	0.90	0.95	0.41	-10.00	0.28	-10.00	-10.00	0.48	-4.38	-1.99	0.87	-0.28	0.95
T	0.52	0.55	0.50	-10.00	-10.00	0.96	0.40	1.26	0.50	-0.29	-3.01	-0.86	-3.41	-10.00	-1.22	1.34	0.71	0.60	1.34	0.51	1.05	-0.29	-3.41	-0.29	-1.22
C	-2.30	-0.34	0.65	-10.00	-10.00	0.58	-2.08	-3.00	0.54	-0.10	0.75	-0.38	-1.76	-2.60	-2.60	-10.00	-3.00	1.10	-10.00	-3.00	0.37	0.45	-0.24	0.83	-1.76
G	-0.39	0.60	-0.52	1.48	-10.00	-3.25	-1.13	-3.96	-2.36	-2.02	0.16	-0.13	-0.68	-0.80	0.55	-10.00	-3.96	-3.96	-3.96	-10.00	-10.00	0.77	-1.89	-0.39	-3.27
scoring matrix:
A	0.62	0.26	-1.90	0.73	-0.70	-2.49	-10.00	-0.30	-0.05	0.41	-0.02	-0.13	0.70	-0.33	-0.54	-1.90	-1.11	-0.13	-1.37	-0.23	-0.31	0.84	-0.11	0.26	0.55	-0.07	0.61	-3.57
T	-3.28	-0.77	0.85	-0.63	0.63	0.59	1.04	-0.17	0.18	-0.92	-0.23	0.07	-1.40	-0.32	0.61	0.56	0.47	-0.25	0.77	0.08	-0.63	-1.06	0.26	-1.16	-0.29	-0.39	-1.84	1.19
C	-0.41	-0.82	-1.33	-3.56	0.16	0.75	0.24	-0.15	-0.24	-1.83	-2.00	-0.71	-1.55	-0.53	-0.21	-1.08	0.45	0.97	-3.56	-0.94	-0.49	-1.01	0.10	-0.61	-0.24	0.45	-0.02	-0.49
G	0.00	0.45	0.22	-0.50	-0.53	-0.60	-2.48	0.51	0.00	0.43	0.64	0.39	-0.12	0.71	-0.23	0.62	-0.14	-1.94	0.38	0.51	0.79	-1.81	-0.30	0.51	-1.14	0.04	-0.41	-10.00
Start Probabilities	0.65	0.14	0.03	0.04	0.07	0.01	0.01	0.01	0.03	0.01	
Ending Probabilities	0.00	0.00	0.00	0.00	0.01	0.01	0.01	0.02	0.43	1.00	
Trasnition Probability Matrix
0.00	0.66	0.09	0.15	0.07	0.01	0.00	0.01	0.00	0.00	
0.00	0.00	0.59	0.21	0.17	0.03	0.01	0.00	0.00	0.00	
0.00	0.00	0.00	0.62	0.35	0.03	0.00	0.00	0.00	0.00	
0.00	0.00	0.00	0.00	0.58	0.27	0.04	0.08	0.02	0.00	
0.00	0.00	0.00	0.00	0.00	0.86	0.05	0.05	0.04	0.00	
0.00	0.00	0.00	0.00	0.00	0.00	0.76	0.19	0.05	0.00	
0.00	0.00	0.00	0.00	0.00	0.00	0.00	0.90	0.09	0.00	
0.00	0.00	0.00	0.00	0.00	0.00	0.00	0.00	0.96	0.03	
0.00	0.00	0.00	0.00	0.00	0.00	0.00	0.00	0.00	0.57	
0.00	0.00	0.00	0.00	0.00	0.00	0.00	0.00	0.00	0.00	
Window size:30
Gap length:400
Match score cuttof:21.00
++++++++++++++++++++++++++++++++++++++++++++++++++++++
scoring matrix:
A	-2.74	-1.57	-3.40	0.29	-3.03	0.65	-3.99	-0.83	0.84	0.02	0.46	0.66	0.18	0.81	-2.74	0.04	0.04	-0.95	-0.21
T	0.82	0.63	1.23	-0.01	1.23	0.05	0.68	-0.99	-3.74	-0.03	-1.66	-0.67	-1.18	-1.66	1.20	0.14	0.46	0.60	0.45
C	0.58	0.56	-2.90	-0.85	-2.53	-1.44	0.75	-0.15	-0.46	-0.49	0.58	-0.71	-1.05	-1.88	-1.42	0.15	-0.79	-1.05	0.28
G	-3.66	-0.88	-2.44	-0.02	-2.70	-2.23	-2.04	0.90	-1.42	0.27	-1.35	-0.69	0.65	-0.53	-3.66	-0.48	-0.33	0.35	-1.16
scoring matrix:
A	-2.54	-1.02	0.02	0.06	0.09	-0.50	-0.00	-0.02	-2.13	-2.25	-0.44	-0.81	0.53	-1.20	-0.06	0.84	0.31	0.76	0.85	-0.27	-1.95	-3.05	0.43	0.31	-0.01	-0.24	0.64
T	1.19	0.03	-0.61	-0.14	-0.92	-0.62	0.54	0.06	-2.14	-1.88	-0.02	-0.00	0.26	0.71	-0.64	-1.00	-0.25	-2.77	-2.30	-0.65	-0.97	-0.86	-0.66	-0.97	-2.79	-1.02	-1.79
C	-3.50	0.33	0.69	-3.52	0.45	1.01	-0.85	-0.43	-3.52	1.43	0.20	0.14	-0.89	0.53	0.21	-1.75	-0.50	-0.13	-2.52	0.53	-10.00	1.41	0.26	0.37	0.01	0.19	0.28
G	-1.50	0.41	-0.53	0.57	0.02	-0.76	-0.43	0.21	1.28	-2.42	0.28	0.49	-3.66	-2.21	0.32	-1.29	0.02	-1.17	-0.57	0.22	1.23	-10.00	-0.77	-0.30	0.66	0.57	-1.61
scoring matrix:
A	0.15	-0.48	-1.13	0.81	-0.93	0.45	0.63	0.33	0.51	0.94	-1.10	0.09	-0.82	-0.45	-2.40	0.85	0.14	-0.97	0.40	-0.32	0.38	0.92	-1.51	-0.25	-1.70	-0.19	-0.61	0.20	-0.30	0.22	0.20	-0.45	-0.51
T	0.78	0.06	-1.19	-0.40	-0.01	-1.60	-3.78	-0.68	-3.78	-3.78	0.49	-0.85	0.63	0.13	-0.38	-0.71	0.19	-0.75	-1.31	-0.08	0.32	-1.45	0.53	-0.24	1.09	0.09	-0.40	0.40	-0.10	-1.05	-1.69	0.17	0.23
C	-2.06	0.82	-0.76	-2.53	0.62	-0.60	-0.13	-1.07	-0.47	-2.53	0.81	0.83	-0.41	-0.44	-2.07	-1.76	-0.15	-0.53	0.40	0.11	-0.85	-2.53	0.69	0.61	-0.68	-0.30	0.54	-0.50	-0.67	-0.32	0.29	0.18	0.72
G	-3.68	-1.11	1.08	-2.07	0.10	0.30	-0.25	0.38	0.26	-1.17	-3.07	-1.17	0.06	0.49	1.13	-2.23	-0.41	0.98	-0.49	0.31	-1.07	-1.70	-0.97	-0.21	-1.93	0.30	0.31	-0.84	0.61	0.43	0.20	0.13	-1.12
scoring matrix:
A	0.77	-1.75	0.08	-3.12	0.53	-2.66	0.62	0.49	0.28	0.57	-0.84	-0.23	-1.12	-1.52	-0.44	-0.17	0.78	0.49	-1.39	0.95	-1.78
T	-0.73	-0.84	0.23	1.25	0.32	0.57	-2.23	-0.61	-0.33	-2.40	-1.21	0.20	0.98	-2.09	0.13	-2.61	-3.26	-1.33	1.08	-3.95	0.92
C	-2.25	1.22	-0.37	-3.64	-10.00	0.84	0.13	-0.14	-0.33	0.52	1.33	0.55	-1.33	1.31	0.30	0.00	-0.10	-1.02	-0.35	-1.35	0.33
G	-0.79	-0.59	-0.17	-1.87	-1.12	-1.43	-0.61	-0.40	0.06	-1.67	-3.18	-0.89	-0.45	-0.50	0.05	0.76	-1.23	0.31	-3.22	-1.44	-2.54
scoring matrix:
A	-0.48	-0.24	1.07	1.08	0.67	-0.50	0.77	0.59	0.42	-3.73	-0.21	-0.04	0.55	-0.24	1.01	-10.00	-0.01
T	-2.29	-0.27	-10.00	-10.00	-10.00	-1.48	-0.91	-3.46	-3.46	-4.13	-1.48	-1.97	0.35	-0.26	-4.11	1.34	0.55
C	0.87	0.06	-10.00	-10.00	-10.00	-1.22	-0.80	-1.10	0.90	-10.00	-0.51	-0.31	-1.61	-0.16	-1.82	-3.18	0.06
G	0.27	0.41	-3.97	-4.05	0.40	1.08	-0.90	0.35	-3.37	1.43	0.88	0.78	-2.13	0.52	-1.69	-4.03	-2.00
scoring matrix:
A	-3.78	-0.25	0.40	0.85	-1.17	0.07	-1.78	-0.79	0.09	-3.38	-0.20	-0.70	0.95	0.48	-10.00	-1.70
T	1.33	-0.79	-2.02	-0.83	0.35	-3.50	1.18	0.48	0.16	1.34	0.05	-10.00	-2.13	-3.37	-1.74	-2.04
C	-2.00	-0.82	0.83	-1.18	0.08	-1.24	-0.56	-0.09	0.48	-2.15	-0.35	-1.12	-1.87	-1.48	1.50	1.42
G	-3.42	0.86	-2.04	-1.36	0.38	0.93	-3.01	0.17	-1.93	-10.00	0.37	1.21	-1.00	0.55	-1.57	-1.08
scoring matrix:
A	-0.44	0.24	-0.26	0.34	-2.54	-2.00	-0.06	-0.23	-0.86	-0.36	0.28	0.02	-0.46	-0.19	-0.23	-0.06	-1.32	-2.54	-3.38	1.02	-3.09	-0.18	0.17	0.28	-0.37
T	0.26	0.64	0.74	-0.12	1.26	0.24	-1.33	-0.28	0.68	0.34	0.12	-2.58	-0.24	0.10	0.50	-0.12	1.07	1.05	0.48	-3.10	0.13	-0.02	-1.02	-0.79	0.45
C	-0.25	-1.18	-0.59	0.14	-0.91	-0.74	-1.01	-0.14	0.01	0.06	-0.70	0.86	-0.07	-0.66	0.08	0.66	-0.30	-1.18	0.76	-1.55	1.28	0.04	-0.21	0.53	-0.40
G	0.31	-1.84	-0.76	-0.92	-10.00	0.86	0.88	0.51	-0.29	-0.05	-0.21	-0.21	0.59	0.43	-0.67	-0.88	-1.82	-0.17	-0.29	-2.18	-4.10	0.20	0.45	-0.64	0.08
scoring matrix:
A	0.47	-2.06	0.94	-3.06	-0.09	-0.64	0.25	0.31	0.98	0.51	-0.20	0.30	-0.38	0.76	-1.50	0.10
T	-0.31	-2.78	-1.03	0.60	-2.78	-0.95	-1.34	-3.52	-2.82	-1.45	-1.74	-2.43	0.28	-0.49	-0.73	-0.19
C	-0.42	-1.44	-1.98	0.83	1.05	0.89	-1.19	-2.34	-0.91	-1.12	-0.56	-0.83	0.60	-1.46	1.16	0.45
G	-0.34	1.34	-2.15	-1.07	-0.60	0.13	0.67	0.82	-2.51	0.36	0.92	0.67	-0.92	-0.88	-0.19	-0.58
scoring matrix:
A	0.98	1.09	0.57	0.57	-10.00	-0.41	-10.00	1.10	-10.00	0.65	-10.00	-0.18	0.25	0.04	-0.15	0.79	1.10
T	-4.23	-4.21	-10.00	-0.60	1.29	-0.26	-10.00	-10.00	0.82	-1.61	1.30	-0.12	-1.85	-1.47	-2.05	-10.00	-10.00
C	-1.33	-10.00	-3.25	0.23	-2.58	-0.13	-10.00	-10.00	0.81	-3.98	-1.67	0.72	0.89	-1.49	0.35	0.35	-10.00
G	-1.31	-4.12	0.57	-1.84	-1.15	0.61	1.47	-3.46	-10.00	0.31	-1.52	-0.76	-1.16	0.89	0.59	-10.00	-3.06
scoring matrix:
A	-0.13	-4.52	-0.72	-4.52	-10.00	0.97	-2.73	-2.91	-0.22	-0.67	0.28	-0.97	-1.09	0.87	-4.52	0.42	-0.17
T	-0.78	1.34	1.08	0.74	1.38	-0.91	0.82	-2.17	-2.86	0.34	0.68	-3.55	0.26	-2.86	1.33	0.12	-1.71
C	-0.51	-10.00	-1.49	0.88	-10.00	-10.00	0.76	1.32	1.32	0.13	-1.49	1.11	0.85	-2.59	-1.41	-0.18	-0.29
G	0.74	-1.76	-1.38	-3.06	-3.46	-1.96	-10.00	0.03	-3.46	0.13	-2.21	0.24	-0.69	-0.22	-10.00	-1.37	0.84
scoring matrix:
A	-0.36	0.64	-0.02	-0.46	-3.81	-0.64	-1.08	-3.81	-0.16	-0.44	-0.11	-0.90	-1.28	-2.87	-0.14	-0.40
T	-1.10	-1.75	-0.25	-0.05	1.16	-0.01	0.09	1.37	-0.02	0.45	-2.49	-0.42	0.31	1.33	-0.12	0.16
C	0.28	-2.02	-0.54	0.89	-0.00	-1.20	1.12	-10.00	0.17	-0.04	-0.51	0.00	1.02	-2.55	-0.96	0.73
G	0.64	0.29	0.48	-0.97	-4.14	0.82	-2.20	-4.14	0.08	-0.09	0.88	0.78	-2.87	-3.42	0.60	-0.96
scoring matrix:
A	-0.12	-4.48	-3.39	-0.40	0.76	0.80	-2.31	-3.12	0.89	-4.46	0.07	-2.54	-0.00	0.26	-4.46	-0.54	-3.09	0.96
T	0.23	-10.00	-3.52	-0.71	-0.23	-0.41	0.80	1.29	-0.60	0.73	0.03	1.03	0.24	0.73	-3.50	0.09	-2.42	-2.56
C	0.59	-10.00	-3.94	0.70	-1.65	-0.97	0.74	-1.26	-1.39	0.87	0.44	0.32	-0.01	-2.84	1.03	0.82	1.56	-0.68
G	-1.57	1.46	1.44	0.17	-1.43	-2.20	-3.45	-2.76	-3.43	-2.73	-0.92	-10.00	-0.34	-1.82	0.66	-0.88	-1.73	-3.37
scoring matrix:
A	1.09	-4.42	-1.15	1.08	-4.42	0.96	-3.74	-1.47	-0.79	-3.73	-0.40	0.56	-3.73	0.08	-1.63	-2.65	-0.25	-3.31	-0.30	-0.39	0.23	-0.07	-0.34	0.52
T	-10.00	0.87	-10.00	-10.00	1.00	-1.12	1.34	0.41	-1.11	1.07	0.04	-0.29	1.34	0.38	0.86	1.30	0.04	-0.26	-3.44	0.33	-0.19	-4.08	-0.11	-1.51
C	-10.00	0.70	-10.00	-10.00	0.45	-1.84	-3.89	-0.14	-1.52	-0.12	-0.21	-0.48	-3.87	-0.89	0.48	-2.12	0.61	-0.39	0.62	0.66	-0.50	0.62	0.58	-3.11
G	-10.00	-10.00	1.34	-3.38	-10.00	-2.70	-3.38	0.50	1.14	-1.11	0.46	-0.69	-4.05	-0.16	-2.29	-3.37	-0.57	1.05	0.52	-1.45	0.13	0.34	-0.16	0.47
scoring matrix:
A	-1.71	0.99	0.99	0.71	0.06	0.80	0.22	-0.20	0.61	0.23	-3.28	-10.00	-0.84	-1.10	0.88	-1.51	0.39	0.42	0.07	-1.01	-10.00	-0.03	-0.21
T	0.26	-4.06	-3.39	-1.39	-1.75	-3.00	-1.87	-0.43	-0.39	-0.85	0.09	1.34	-0.02	-4.11	-1.97	0.26	-0.80	-0.45	-0.47	0.05	1.02	-1.15	-0.71
C	1.01	-1.01	-1.01	-3.13	-0.46	-0.86	-1.09	-0.23	-0.05	-0.30	1.28	-3.18	-0.54	1.46	-10.00	0.94	-0.36	-0.23	0.23	0.22	0.26	0.12	1.04
G	-1.13	-3.97	-10.00	0.07	0.74	-0.39	0.73	0.59	-1.98	0.37	-10.00	-10.00	0.77	-1.89	-0.41	-0.78	0.14	-0.21	0.09	0.49	-1.69	0.51	-1.32
scoring matrix:
A	-0.83	-0.53	-0.04	0.11	0.32	-0.66	0.64	-0.21	0.86	-10.00	-0.47	0.25	0.65	-0.14	0.09	0.58	-0.16	-1.51	0.72	-2.05	-1.03	-3.66	-1.09	-0.12	-0.03	-0.14	-0.74	0.46	-0.46
T	0.96	-0.04	-1.47	-0.17	-0.92	-0.82	-0.12	-0.82	-0.62	1.29	0.40	-1.86	-1.40	-0.12	-1.87	-0.36	-0.12	1.24	-0.19	0.62	0.49	1.30	-0.51	-1.57	-1.04	0.07	-1.84	-1.02	0.13
C	-1.50	0.16	-0.44	0.19	0.06	-1.20	-0.63	-0.20	-10.00	-1.20	0.46	-1.60	-0.97	-0.47	-0.14	-0.64	0.02	-2.78	-10.00	0.61	0.71	-1.68	0.15	-0.17	0.34	-0.78	-0.37	0.16	0.52
G	-0.43	0.39	0.77	-0.19	0.05	1.04	-1.76	0.70	-1.15	-10.00	-0.67	0.76	-0.02	0.48	0.63	-0.53	0.28	-2.13	-0.74	-0.53	-1.10	-10.00	0.78	0.74	0.33	0.43	1.05	-0.42	-0.24
scoring matrix:
A	-0.30	0.10	-4.25	-0.48	0.37	-10.00	0.47	1.01	0.95	0.21	-0.04	-0.67	-0.28	1.03	-0.79
T	0.09	-0.53	1.26	0.02	-4.00	-10.00	-2.48	-4.04	-10.00	-10.00	0.13	-10.00	0.03	-10.00	0.88
C	0.13	0.65	-1.22	0.37	0.93	-10.00	-0.12	-2.23	-3.78	-0.86	0.13	0.52	0.68	-2.45	0.01
G	0.14	-0.67	-10.00	0.13	-10.00	1.41	0.17	-1.74	-0.69	0.77	-0.23	0.77	-0.72	-2.41	-1.84
Start Probabilities	0.81	0.01	0.01	0.04	0.07	0.03	0.01	0.00	0.01	0.00	0.00	0.00	0.00	0.01	0.00	0.00	
Ending Probabilities	0.00	0.00	0.00	0.00	0.00	0.00	0.00	0.00	0.00	0.00	0.01	0.03	0.01	0.03	0.06	1.00	
Trasnition Probability Matrix
0.00	0.86	0.06	0.03	0.04	0.00	0.00	0.00	0.00	0.00	0.00	0.00	0.00	0.00	0.00	0.00	
0.00	0.00	0.88	0.09	0.03	0.00	0.00	0.00	0.00	0.00	0.00	0.00	0.00	0.00	0.00	0.00	
0.00	0.00	0.00	0.85	0.15	0.00	0.00	0.00	0.00	0.00	0.00	0.00	0.00	0.00	0.00	0.00	
0.00	0.00	0.00	0.00	0.98	0.01	0.00	0.00	0.01	0.00	0.00	0.00	0.00	0.00	0.00	0.00	
0.00	0.00	0.00	0.00	0.00	0.84	0.03	0.10	0.03	0.00	0.00	0.00	0.00	0.00	0.00	0.00	
0.00	0.00	0.00	0.00	0.00	0.00	0.68	0.20	0.12	0.00	0.00	0.00	0.00	0.00	0.00	0.00	
0.00	0.00	0.00	0.00	0.00	0.00	0.00	0.88	0.12	0.00	0.00	0.00	0.00	0.00	0.00	0.00	
0.00	0.00	0.00	0.00	0.00	0.00	0.00	0.00	0.96	0.01	0.03	0.00	0.00	0.00	0.00	0.00	
0.00	0.00	0.00	0.00	0.00	0.00	0.00	0.00	0.00	0.91	0.04	0.03	0.02	0.00	0.00	0.00	
0.00	0.00	0.00	0.00	0.00	0.00	0.00	0.00	0.00	0.00	0.84	0.12	0.03	0.00	0.00	0.00	
0.00	0.00	0.00	0.00	0.00	0.00	0.00	0.00	0.00	0.00	0.00	0.89	0.09	0.01	0.00	0.00	
0.00	0.00	0.00	0.00	0.00	0.00	0.00	0.00	0.00	0.00	0.00	0.00	0.92	0.05	0.00	0.00	
0.00	0.00	0.00	0.00	0.00	0.00	0.00	0.00	0.00	0.00	0.00	0.00	0.00	0.85	0.08	0.06	
0.00	0.00	0.00	0.00	0.00	0.00	0.00	0.00	0.00	0.00	0.00	0.00	0.00	0.00	0.77	0.20	
0.00	0.00	0.00	0.00	0.00	0.00	0.00	0.00	0.00	0.00	0.00	0.00	0.00	0.00	0.00	0.94	
0.00	0.00	0.00	0.00	0.00	0.00	0.00	0.00	0.00	0.00	0.00	0.00	0.00	0.00	0.00	0.00	
Window size:33
Gap length:400
Match score cuttof:33.93
++++++++++++++++++++++++++++++++++++++++++++++++++++++
######################################################
Start Probability:0.04	0.96	0.00
End Probability:0.22	0.10	0.68
Transition Probability:
0.23	0.03	0.74
0.62	0.15	0.22
0.80	0.20	0.00
Gap Length:10000
