GCF_000006175.1_ASM617v2_genomic.fna.gz	0.3551	0.3589	0.1444	0.1416
GCF_000006805.1_ASM680v1_genomic.fna.gz	0.1699	0.1708	0.3297	0.3297
GCF_000007005.1_ASM700v1_genomic.fna.gz	0.3194	0.3228	0.1785	0.1794
GCF_000007065.1_ASM706v1_genomic.fna.gz	0.2932	0.2920	0.2073	0.2076
GCF_000007185.1_ASM718v1_genomic.fna.gz	0.1947	0.1938	0.3072	0.3044
GCF_000007225.1_ASM722v1_genomic.fna.gz	0.2450	0.2414	0.2542	0.2594
GCF_000007305.1_ASM730v1_genomic.fna.gz	0.2962	0.2961	0.2037	0.2040
GCF_000007345.1_ASM734v1_genomic.fna.gz	0.2848	0.2884	0.2136	0.2132
GCF_000008085.1_ASM808v1_genomic.fna.gz	0.3422	0.3422	0.1576	0.1580
GCF_000008265.1_ASM826v1_genomic.fna.gz	0.3198	0.3205	0.1813	0.1784
GCF_000008645.1_ASM864v1_genomic.fna.gz	0.2509	0.2537	0.2473	0.2481
GCF_000008665.1_ASM866v1_genomic.fna.gz	0.2580	0.2562	0.2421	0.2438
GCF_000009185.1_ASM918v1_genomic.fna.gz	0.2611	0.2603	0.2405	0.2381
GCF_000009965.1_ASM996v1_genomic.fna.gz	0.2410	0.2390	0.2604	0.2596
GCF_000011005.1_ASM1100v1_genomic.fna.gz	0.2249	0.2259	0.2747	0.2745
GCF_000011085.1_ASM1108v1_genomic.fna.gz	0.1946	0.1942	0.3056	0.3056
GCF_000011105.1_ASM1110v1_genomic.fna.gz	0.2899	0.2913	0.2120	0.2068
GCF_000011125.1_ASM1112v1_genomic.fna.gz	0.2156	0.2213	0.2835	0.2796
GCF_000011185.1_ASM1118v1_genomic.fna.gz	0.3016	0.2992	0.1991	0.2001
GCF_000011205.1_ASM1120v1_genomic.fna.gz	0.3343	0.3378	0.1629	0.1650
GCF_000011585.1_ASM1158v1_genomic.fna.gz	0.3366	0.3324	0.1651	0.1659
GCF_000012285.1_ASM1228v1_genomic.fna.gz	0.3155	0.3174	0.1833	0.1838
GCF_000012545.1_ASM1254v1_genomic.fna.gz	0.3651	0.3586	0.1391	0.1373
GCF_000013445.1_ASM1344v1_genomic.fna.gz	0.2769	0.2716	0.2267	0.2248
GCF_000013725.1_ASM1372v1_genomic.fna.gz	0.2954	0.2970	0.2021	0.2055
GCF_000014945.1_ASM1494v1_genomic.fna.gz	0.2322	0.2323	0.2693	0.2661
GCF_000015145.1_ASM1514v1_genomic.fna.gz	0.2325	0.2301	0.2684	0.2690
GCF_000015205.1_ASM1520v1_genomic.fna.gz	0.2522	0.2518	0.2475	0.2485
GCF_000015225.1_ASM1522v1_genomic.fna.gz	0.2110	0.2126	0.2904	0.2861
GCF_000015765.1_ASM1576v1_genomic.fna.gz	0.2497	0.2502	0.2510	0.2490
GCF_000015805.1_ASM1580v1_genomic.fna.gz	0.2149	0.2136	0.2857	0.2858
GCF_000015825.1_ASM1582v1_genomic.fna.gz	0.1892	0.1901	0.3103	0.3103
GCF_000015945.1_ASM1594v1_genomic.fna.gz	0.3281	0.3147	0.1738	0.1835
GCF_000016125.1_ASM1612v1_genomic.fna.gz	0.3323	0.3379	0.1656	0.1642
GCF_000016385.1_ASM1638v1_genomic.fna.gz	0.2251	0.2244	0.2761	0.2744
GCF_000016525.1_ASM1652v1_genomic.fna.gz	0.3519	0.3378	0.1610	0.1493
GCF_000016605.1_ASM1660v1_genomic.fna.gz	0.2707	0.2671	0.2278	0.2344
GCF_000017165.1_ASM1716v1_genomic.fna.gz	0.3446	0.3421	0.1560	0.1573
GCF_000017185.1_ASM1718v1_genomic.fna.gz	0.3484	0.3512	0.1501	0.1503
GCF_000017225.1_ASM1722v1_genomic.fna.gz	0.3350	0.3321	0.1663	0.1666
GCF_000017625.1_ASM1762v1_genomic.fna.gz	0.2281	0.2267	0.2723	0.2729
GCF_000017945.1_ASM1794v1_genomic.fna.gz	0.2170	0.2178	0.2826	0.2826
GCF_000018305.1_ASM1830v1_genomic.fna.gz	0.2849	0.2841	0.2157	0.2153
GCF_000018365.1_ASM1836v1_genomic.fna.gz	0.2457	0.2415	0.2546	0.2581
GCF_000018465.1_ASM1846v1_genomic.fna.gz	0.3260	0.3323	0.1722	0.1695
GCF_000018485.1_ASM1848v1_genomic.fna.gz	0.3310	0.3347	0.1675	0.1667
GCF_000019605.1_ASM1960v1_genomic.fna.gz	0.2568	0.2532	0.2413	0.2488
GCF_000019805.1_ASM1980v1_genomic.fna.gz	0.2019	0.1990	0.2976	0.3015
GCF_000020905.1_ASM2090v1_genomic.fna.gz	0.2687	0.2779	0.2314	0.2220
GCF_000021965.1_ASM2196v1_genomic.fna.gz	0.2219	0.2246	0.2763	0.2772
GCF_000022205.1_ASM2220v1_genomic.fna.gz	0.1789	0.1813	0.3196	0.3201
GCF_000022365.1_ASM2236v1_genomic.fna.gz	0.2300	0.2344	0.2694	0.2663
GCF_000022385.1_ASM2238v1_genomic.fna.gz	0.3245	0.3243	0.1736	0.1775
GCF_000022405.1_ASM2240v1_genomic.fna.gz	0.3242	0.3248	0.1750	0.1760
GCF_000022425.1_ASM2242v1_genomic.fna.gz	0.3250	0.3249	0.1742	0.1759
GCF_000022445.1_ASM2244v1_genomic.fna.gz	0.3247	0.3253	0.1745	0.1755
GCF_000022465.1_ASM2246v1_genomic.fna.gz	0.3233	0.3228	0.1752	0.1786
GCF_000022485.1_ASM2248v1_genomic.fna.gz	0.3221	0.3248	0.1781	0.1749
GCF_000022545.1_ASM2254v1_genomic.fna.gz	0.2982	0.2998	0.2011	0.2009
GCF_000023945.1_ASM2394v1_genomic.fna.gz	0.1870	0.1840	0.3144	0.3146
GCF_000023965.1_ASM2396v1_genomic.fna.gz	0.1723	0.1724	0.3274	0.3279
GCF_000023985.1_ASM2398v1_genomic.fna.gz	0.3391	0.3387	0.1603	0.1619
GCF_000024185.1_ASM2418v1_genomic.fna.gz	0.3356	0.3380	0.1633	0.1632
GCF_000024305.1_ASM2430v1_genomic.fna.gz	0.3227	0.3247	0.1763	0.1763
GCF_000024625.1_ASM2462v1_genomic.fna.gz	0.3417	0.3425	0.1587	0.1571
GCF_000024745.1_ASM2474v1_genomic.fna.gz	0.3182	0.3235	0.1796	0.1786
GCF_000025285.1_ASM2528v1_genomic.fna.gz	0.2902	0.2898	0.2093	0.2107
GCF_000025325.1_ASM2532v1_genomic.fna.gz	0.1780	0.1794	0.3213	0.3214
GCF_000025505.1_ASM2550v1_genomic.fna.gz	0.2805	0.2782	0.2193	0.2220
GCF_000025525.1_ASM2552v1_genomic.fna.gz	0.3400	0.3396	0.1590	0.1614
GCF_000025625.1_ASM2562v1_genomic.fna.gz	0.1946	0.1949	0.3053	0.3052
GCF_000025665.1_ASM2566v1_genomic.fna.gz	0.3041	0.3043	0.1982	0.1934
GCF_000025685.1_ASM2568v1_genomic.fna.gz	0.1724	0.1728	0.3269	0.3279
GCF_000025865.1_ASM2586v1_genomic.fna.gz	0.2846	0.2892	0.2132	0.2130
GCF_000026045.1_ASM2604v1_genomic.fna.gz	0.1843	0.1845	0.3152	0.3160
GCF_000063445.1_ASM6344v1_genomic.fna.gz	0.2257	0.2283	0.2732	0.2728
GCF_000069025.1_ASM6902v1_genomic.fna.gz	0.1706	0.1723	0.3286	0.3286
GCF_000091665.1_ASM9166v1_genomic.fna.gz	0.3442	0.3429	0.1555	0.1574
GCF_000092185.1_ASM9218v1_genomic.fna.gz	0.2651	0.2675	0.2311	0.2362
GCF_000092305.1_ASM9230v1_genomic.fna.gz	0.3313	0.3326	0.1700	0.1662
GCF_000092465.1_ASM9246v1_genomic.fna.gz	0.3086	0.3231	0.1879	0.1805
GCF_000144915.1_ASM14491v1_genomic.fna.gz	0.2134	0.2145	0.2872	0.2850
GCF_000145295.1_ASM14529v1_genomic.fna.gz	0.2564	0.2572	0.2430	0.2434
GCF_000145985.1_ASM14598v1_genomic.fna.gz	0.3222	0.3210	0.1771	0.1798
GCF_000147875.1_ASM14787v1_genomic.fna.gz	0.2651	0.2609	0.2367	0.2373
GCF_000148385.1_ASM14838v1_genomic.fna.gz	0.2727	0.2730	0.2246	0.2297
GCF_000151085.1_ASM15108v1_genomic.fna.gz	0.3070	0.3016	0.1983	0.1932
GCF_000151105.2_ASM15110v2_genomic.fna.gz	0.2923	0.2910	0.2087	0.2080
GCF_000151205.2_ASM15120v2_genomic.fna.gz	0.2276	0.2245	0.2735	0.2743
GCF_000151225.1_ASM15122v1_genomic.fna.gz	0.3436	0.3436	0.1544	0.1583
GCF_000151245.1_ASM15124v1_genomic.fna.gz	0.3426	0.3446	0.1583	0.1545
GCF_000152265.2_ASM15226v2_genomic.fna.gz	0.3197	0.3156	0.1808	0.1838
GCF_000166095.1_ASM16609v1_genomic.fna.gz	0.3422	0.3414	0.1586	0.1578
GCF_000172995.2_ASM17299v2_genomic.fna.gz	0.2003	0.2003	0.3002	0.2992
GCF_000175555.1_ASM17555v1_genomic.fna.gz	0.3256	0.3225	0.1749	0.1770
GCF_000179575.2_ASM17957v2_genomic.fna.gz	0.3536	0.3536	0.1468	0.1460
GCF_000186365.1_ASM18636v1_genomic.fna.gz	0.2326	0.2360	0.2688	0.2626
GCF_000187225.1_ASM18722v1_genomic.fna.gz	0.1911	0.1908	0.3094	0.3087
GCF_000189555.1_ASM18955v1_genomic.fna.gz	0.3228	0.3241	0.1755	0.1776
GCF_000189575.1_ASM18957v1_genomic.fna.gz	0.3244	0.3241	0.1752	0.1763
GCF_000189795.1_ASM18979v2_genomic.fna.gz	0.3523	0.3365	0.1610	0.1502
GCF_000189815.1_ASM18981v2_genomic.fna.gz	0.3539	0.3349	0.1648	0.1465
GCF_000189835.1_ASM18983v2_genomic.fna.gz	0.3537	0.3338	0.1648	0.1477
GCF_000189855.1_ASM18985v2_genomic.fna.gz	0.3541	0.3345	0.1635	0.1478
GCF_000189875.1_ASM18987v2_genomic.fna.gz	0.3514	0.3365	0.1608	0.1514
GCF_000189895.1_ASM18989v2_genomic.fna.gz	0.3533	0.3354	0.1638	0.1475
GCF_000189915.1_ASM18991v2_genomic.fna.gz	0.3568	0.3390	0.1590	0.1452
GCF_000189935.1_ASM18993v2_genomic.fna.gz	0.3556	0.3395	0.1579	0.1470
GCF_000189955.1_ASM18995v2_genomic.fna.gz	0.3548	0.3409	0.1591	0.1452
GCF_000189975.1_ASM18997v2_genomic.fna.gz	0.3533	0.3422	0.1579	0.1465
GCF_000189995.1_ASM18999v2_genomic.fna.gz	0.3562	0.3412	0.1592	0.1435
GCF_000190015.1_ASM19001v2_genomic.fna.gz	0.3559	0.3414	0.1591	0.1436
GCF_000190035.1_ASM19003v2_genomic.fna.gz	0.3555	0.3416	0.1584	0.1445
GCF_000190055.1_ASM19005v2_genomic.fna.gz	0.3548	0.3430	0.1574	0.1448
GCF_000190075.1_ASM19007v2_genomic.fna.gz	0.3550	0.3423	0.1579	0.1447
GCF_000190095.1_ASM19009v2_genomic.fna.gz	0.3547	0.3428	0.1572	0.1452
GCF_000190115.1_ASM19011v2_genomic.fna.gz	0.3553	0.3421	0.1580	0.1447
GCF_000190135.1_ASM19013v2_genomic.fna.gz	0.3542	0.3430	0.1569	0.1458
GCF_000190155.1_ASM19015v2_genomic.fna.gz	0.3543	0.3429	0.1563	0.1465
GCF_000190175.1_ASM19017v2_genomic.fna.gz	0.3521	0.3364	0.1703	0.1412
GCF_000190315.1_ASM19031v1_genomic.fna.gz	0.2881	0.2880	0.2118	0.2121
GCF_000191585.1_ASM19158v1_genomic.fna.gz	0.3191	0.3226	0.1806	0.1777
GCF_000193375.1_ASM19337v1_genomic.fna.gz	0.2033	0.2002	0.2960	0.3006
GCF_000194625.1_ASM19462v1_genomic.fna.gz	0.2632	0.2663	0.2354	0.2350
GCF_000195895.1_ASM19589v1_genomic.fna.gz	0.3054	0.3023	0.1969	0.1954
GCF_000195915.1_ASM19591v1_genomic.fna.gz	0.2719	0.2682	0.2291	0.2309
GCF_000195935.2_ASM19593v1_genomic.fna.gz	0.2757	0.2772	0.2243	0.2228
GCF_000196655.1_ASM19665v1_genomic.fna.gz	0.3162	0.3195	0.1853	0.1789
GCF_000196895.1_ASM19689v1_genomic.fna.gz	0.1877	0.1871	0.3121	0.3131
GCF_000200715.1_ASM20071v1_genomic.fna.gz	0.2119	0.2143	0.2864	0.2874
GCF_000204415.1_ASM20441v1_genomic.fna.gz	0.2448	0.2453	0.2544	0.2555
GCF_000204585.1_ASM20458v1_genomic.fna.gz	0.3392	0.3362	0.1618	0.1628
GCF_000204925.1_ASM20492v1_genomic.fna.gz	0.2881	0.2920	0.2125	0.2074
GCF_000211475.1_ASM21147v1_genomic.fna.gz	0.2861	0.2865	0.2144	0.2130
GCF_000213215.1_ASM21321v1_genomic.fna.gz	0.3309	0.3276	0.1717	0.1698
GCF_000214415.1_ASM21441v1_genomic.fna.gz	0.3459	0.3311	0.1539	0.1691
GCF_000214725.1_ASM21472v1_genomic.fna.gz	0.3219	0.3208	0.1783	0.1790
GCF_000215915.2_HLRTI_V2_genomic.fna.gz	0.1858	0.1891	0.3123	0.3129
GCF_000215995.1_ASM21599v1_genomic.fna.gz	0.2441	0.2395	0.2560	0.2603
GCF_000217715.1_ASM21771v1_genomic.fna.gz	0.1745	0.1736	0.3256	0.3262
GCF_000217995.1_ASM21799v1_genomic.fna.gz	0.3021	0.3064	0.1957	0.1959
GCF_000220175.1_ASM22017v1_genomic.fna.gz	0.3360	0.3372	0.1637	0.1631
GCF_000220645.1_ASM22064v1_genomic.fna.gz	0.3389	0.3317	0.1655	0.1639
GCF_000221185.1_ASM22118v1_genomic.fna.gz	0.2195	0.2197	0.2811	0.2797
GCF_000223395.1_ASM22339v1_genomic.fna.gz	0.2256	0.2254	0.2740	0.2751
GCF_000223905.1_ASM22390v1_genomic.fna.gz	0.1874	0.1881	0.3125	0.3120
GCF_000224475.1_ASM22447v1_genomic.fna.gz	0.1886	0.1876	0.3117	0.3121
GCF_000226975.1_HalLac_AJ5_1_genomic.fna.gz	0.1723	0.1742	0.3269	0.3266
GCF_000226975.2_ASM22697v3_genomic.fna.gz	0.1731	0.1742	0.3265	0.3262
GCF_000230715.2_ASM23071v3_genomic.fna.gz	0.1897	0.1879	0.3107	0.3116
GCF_000230735.2_ASM23073v3_genomic.fna.gz	0.1794	0.1807	0.3204	0.3195
GCF_000230955.1_ASM23095v1_genomic.fna.gz	0.1679	0.1676	0.3324	0.3321
GCF_000230955.2_ASM23095v3_genomic.fna.gz	0.1678	0.1679	0.3321	0.3322
GCF_000231015.2_ASM23101v3_genomic.fna.gz	0.2729	0.2788	0.2245	0.2238
GCF_000234805.1_ASM23480v1_genomic.fna.gz	0.2153	0.2150	0.2806	0.2890
GCF_000235565.1_ASM23556v1_genomic.fna.gz	0.1962	0.1978	0.3026	0.3033
GCF_000235685.1_ASM23568v1_genomic.fna.gz	0.2174	0.2175	0.2830	0.2821
GCF_000235685.2_ASM23568v3_genomic.fna.gz	0.2184	0.2165	0.2828	0.2822
GCF_000236195.1_ASM23619v1_genomic.fna.gz	0.2930	0.2867	0.2096	0.2108
GCF_000237865.1_ASM23786v1_genomic.fna.gz	0.2619	0.2613	0.2384	0.2384
GCF_000241145.1_ASM24114v2_genomic.fna.gz	0.3326	0.3425	0.1635	0.1614
GCF_000242875.2_ASM24287v3_genomic.fna.gz	0.3256	0.3365	0.1714	0.1666
GCF_000243255.1_ASM24325v1_genomic.fna.gz	0.3020	0.2759	0.2158	0.2062
GCF_000243315.1_ASM24331v1_genomic.fna.gz	0.2609	0.2616	0.2396	0.2378
GCF_000243455.1_ASM24345v2_genomic.fna.gz	0.3409	0.3347	0.1590	0.1654
GCF_000245095.1_ASM24509v2_genomic.fna.gz	0.3244	0.3256	0.1750	0.1750
GCF_000245115.1_ASM24511v2_genomic.fna.gz	0.3245	0.3232	0.1751	0.1773
GCF_000245135.1_ASM24513v2_genomic.fna.gz	0.3247	0.3248	0.1746	0.1759
GCF_000245155.1_ASM24515v2_genomic.fna.gz	0.3246	0.3232	0.1750	0.1773
GCF_000245175.1_ASM24517v2_genomic.fna.gz	0.3244	0.3248	0.1744	0.1763
GCF_000245195.1_ASM24519v2_genomic.fna.gz	0.3248	0.3246	0.1743	0.1764
GCF_000245215.1_ASM24521v2_genomic.fna.gz	0.3250	0.3252	0.1745	0.1753
GCF_000245235.1_ASM24523v2_genomic.fna.gz	0.3247	0.3251	0.1745	0.1757
GCF_000245255.1_ASM24525v2_genomic.fna.gz	0.3250	0.3248	0.1742	0.1760
GCF_000245275.1_ASM24527v2_genomic.fna.gz	0.3243	0.3251	0.1746	0.1760
GCF_000246985.2_ASM24698v3_genomic.fna.gz	0.2835	0.2856	0.2158	0.2151
GCF_000247545.1_ASM24754v1_genomic.fna.gz	0.2248	0.2247	0.2746	0.2759
GCF_000251105.1_ASM25110v1_genomic.fna.gz	0.2369	0.2357	0.2622	0.2652
GCF_000253055.1_ASM25305v1_genomic.fna.gz	0.2221	0.2266	0.2773	0.2740
GCF_000258425.1_ASM25842v1_genomic.fna.gz	0.3095	0.3157	0.1892	0.1855
GCF_000258515.1_TheZil1.0_genomic.fna.gz	0.2264	0.2288	0.2721	0.2727
GCF_000259215.1_ASM25921v1_genomic.fna.gz	0.1735	0.1718	0.3274	0.3273
GCF_000263735.1_ASM26373v1_genomic.fna.gz	0.2887	0.2883	0.2131	0.2098
GCF_000264495.1_ASM26449v1_genomic.fna.gz	0.2224	0.2212	0.2764	0.2800
GCF_000265525.1_ASM26552v1_genomic.fna.gz	0.2211	0.2207	0.2796	0.2786
GCF_000270325.1_ASM27032v1_genomic.fna.gz	0.2420	0.2415	0.2567	0.2598
GCF_000275605.1_ASM27560v1_genomic.fna.gz	0.2925	0.2996	0.2046	0.2032
GCF_000275865.1_ASM27586v1_genomic.fna.gz	0.1955	0.1948	0.3046	0.3051
GCF_000281695.1_ASM28169v1_genomic.fna.gz	0.1801	0.1789	0.3204	0.3207
GCF_000283335.1_162.HSB1.1_genomic.fna.gz	0.1898	0.1882	0.3108	0.3113
GCF_000296615.1_ASM29661v1_genomic.fna.gz	0.1565	0.1587	0.3439	0.3409
GCF_000299365.1_ASM29936v1_genomic.fna.gz	0.3284	0.3297	0.1714	0.1705
GCF_000299395.1_ASM29939v1_genomic.fna.gz	0.3308	0.3333	0.1685	0.1674
GCF_000300255.2_ASM30025v2_genomic.fna.gz	0.2213	0.2228	0.2779	0.2780
GCF_000302455.1_ASM30245v1_genomic.fna.gz	0.3058	0.3140	0.1900	0.1902
GCF_000303155.1_ASM30315v1_genomic.fna.gz	0.2606	0.2560	0.2410	0.2424
GCF_000304355.1_Mb_MS2_genomic.fna.gz	0.1949	0.1987	0.3021	0.3043
GCF_000304355.2_Mb_MS2_genomic.fna.gz	0.1949	0.1987	0.3021	0.3043
GCF_000306725.1_ASM30672v1_genomic.fna.gz	0.2775	0.2764	0.2231	0.2230
GCF_000306765.1_ASM30676v1_genomic.fna.gz	0.1966	0.2007	0.3010	0.3017
GCF_000306765.2_ASM30676v2_genomic.fna.gz	0.1987	0.1986	0.3011	0.3017
GCF_000308215.1_ASM30821v1_genomic.fna.gz	0.1968	0.1984	0.3024	0.3024
GCF_000309865.1_MMad_1.0_genomic.fna.gz	0.3077	0.3063	0.1915	0.1945
GCF_000317795.1_ASM31779v1_genomic.fna.gz	0.3505	0.3491	0.1487	0.1517
GCF_000320505.1_ASM32050v2_genomic.fna.gz	0.3479	0.3623	0.1398	0.1501
GCF_000327485.1_ASM32748v1_genomic.fna.gz	0.2248	0.2232	0.2763	0.2757
GCF_000327505.1_ASM32750v1_genomic.fna.gz	0.2786	0.2801	0.2213	0.2200
GCF_000328285.1_Haloferax_sp._BAB2207_V.1_genomic.fna.gz	0.1716	0.1704	0.3293	0.3286
GCF_000328525.1_ASM32852v1_genomic.fna.gz	0.1781	0.1785	0.3215	0.3218
GCF_000328665.1_ASM32866v1_genomic.fna.gz	0.2879	0.2934	0.2081	0.2106
GCF_000328685.1_ASM32868v1_genomic.fna.gz	0.1769	0.1765	0.3234	0.3233
GCF_000328925.1_NAR_genomic.fna.gz	0.3269	0.3357	0.1693	0.1680
GCF_000328945.1_NSJ_genomic.fna.gz	0.3281	0.3300	0.1716	0.1703
GCF_000334895.1_ASM33489v1_genomic.fna.gz	0.1699	0.1699	0.3299	0.3303
GCF_000336615.1_ASM33661v1_genomic.fna.gz	0.1894	0.1893	0.3106	0.3107
GCF_000336635.1_ASM33663v1_genomic.fna.gz	0.1944	0.1938	0.3054	0.3063
GCF_000336655.1_ASM33665v1_genomic.fna.gz	0.1727	0.1740	0.3263	0.3270
GCF_000336675.1_ASM33667v1_genomic.fna.gz	0.1735	0.1725	0.3269	0.3270
GCF_000336695.1_ASM33669v1_genomic.fna.gz	0.1809	0.1806	0.3195	0.3189
GCF_000336715.1_ASM33671v1_genomic.fna.gz	0.1900	0.1917	0.3090	0.3092
GCF_000336735.1_ASM33673v1_genomic.fna.gz	0.1688	0.1682	0.3313	0.3317
GCF_000336755.1_ASM33675v1_genomic.fna.gz	0.1943	0.1941	0.3055	0.3060
GCF_000336775.1_ASM33677v1_genomic.fna.gz	0.1722	0.1693	0.3292	0.3293
GCF_000336795.1_ASM33679v1_genomic.fna.gz	0.1695	0.1666	0.3318	0.3321
GCF_000336815.1_ASM33681v1_genomic.fna.gz	0.1712	0.1719	0.3285	0.3284
GCF_000336835.1_ASM33683v1_genomic.fna.gz	0.1670	0.1666	0.3339	0.3326
GCF_000336855.1_ASM33685v1_genomic.fna.gz	0.1671	0.1666	0.3337	0.3326
GCF_000336875.1_ASM33687v1_genomic.fna.gz	0.1690	0.1691	0.3320	0.3298
GCF_000336895.1_ASM33689v1_genomic.fna.gz	0.1937	0.1951	0.3055	0.3057
GCF_000336915.1_ASM33691v1_genomic.fna.gz	0.1792	0.1805	0.3200	0.3203
GCF_000336935.1_ASM33693v1_genomic.fna.gz	0.1837	0.1818	0.3175	0.3170
GCF_000336955.1_ASM33695v1_genomic.fna.gz	0.1880	0.1917	0.3095	0.3108
GCF_000336975.1_ASM33697v1_genomic.fna.gz	0.1653	0.1681	0.3335	0.3332
GCF_000336995.1_ASM33699v1_genomic.fna.gz	0.1649	0.1632	0.3352	0.3367
GCF_000337015.1_ASM33701v1_genomic.fna.gz	0.1639	0.1627	0.3371	0.3362
GCF_000337035.1_ASM33703v1_genomic.fna.gz	0.1640	0.1661	0.3357	0.3342
GCF_000337055.1_ASM33705v1_genomic.fna.gz	0.1601	0.1592	0.3399	0.3409
GCF_000337075.1_ASM33707v1_genomic.fna.gz	0.1551	0.1535	0.3437	0.3476
GCF_000337095.1_ASM33709v1_genomic.fna.gz	0.1703	0.1733	0.3301	0.3264
GCF_000337115.1_ASM33711v1_genomic.fna.gz	0.1730	0.1731	0.3269	0.3270
GCF_000337135.1_ASM33713v1_genomic.fna.gz	0.1997	0.1961	0.3028	0.3014
GCF_000337155.1_ASM33715v1_genomic.fna.gz	0.1764	0.1781	0.3221	0.3234
GCF_000337175.1_ASM33717v1_genomic.fna.gz	0.1816	0.1812	0.3186	0.3187
GCF_000337195.1_ASM33719v1_genomic.fna.gz	0.1800	0.1805	0.3202	0.3194
GCF_000337215.1_ASM33721v1_genomic.fna.gz	0.1781	0.1790	0.3221	0.3208
GCF_000337235.1_ASM33723v1_genomic.fna.gz	0.1889	0.1886	0.3112	0.3113
GCF_000337255.1_ASM33725v1_genomic.fna.gz	0.1875	0.1860	0.3122	0.3143
GCF_000337275.1_ASM33727v1_genomic.fna.gz	0.1966	0.1957	0.3038	0.3039
GCF_000337295.1_ASM33729v1_genomic.fna.gz	0.1986	0.1987	0.3016	0.3011
GCF_000337315.1_ASM33731v1_genomic.fna.gz	0.1720	0.1703	0.3283	0.3294
GCF_000337335.1_ASM33733v1_genomic.fna.gz	0.1589	0.1603	0.3410	0.3398
GCF_000337355.1_ASM33735v1_genomic.fna.gz	0.1643	0.1671	0.3363	0.3323
GCF_000337375.1_ASM33737v1_genomic.fna.gz	0.1606	0.1593	0.3391	0.3410
GCF_000337395.1_ASM33739v1_genomic.fna.gz	0.1566	0.1544	0.3445	0.3445
GCF_000337415.1_ASM33741v1_genomic.fna.gz	0.1596	0.1601	0.3402	0.3401
GCF_000337435.1_ASM33743v1_genomic.fna.gz	0.1599	0.1598	0.3397	0.3406
GCF_000337455.1_ASM33745v1_genomic.fna.gz	0.1621	0.1612	0.3389	0.3379
GCF_000337475.1_ASM33747v1_genomic.fna.gz	0.1903	0.1917	0.3095	0.3084
GCF_000337495.1_ASM33749v1_genomic.fna.gz	0.1749	0.1734	0.3258	0.3259
GCF_000337515.1_ASM33751v1_genomic.fna.gz	0.1784	0.1771	0.3222	0.3223
GCF_000337535.1_ASM33753v1_genomic.fna.gz	0.1907	0.1895	0.3094	0.3104
GCF_000337555.1_ASM33755v1_genomic.fna.gz	0.1874	0.1888	0.3120	0.3119
GCF_000337575.1_ASM33757v1_genomic.fna.gz	0.1922	0.1906	0.3084	0.3089
GCF_000337595.1_ASM33759v1_genomic.fna.gz	0.1927	0.1920	0.3074	0.3078
GCF_000337615.1_ASM33761v1_genomic.fna.gz	0.1803	0.1825	0.3183	0.3189
GCF_000337635.1_ASM33763v1_genomic.fna.gz	0.1795	0.1793	0.3203	0.3210
GCF_000337655.1_ASM33765v1_genomic.fna.gz	0.1880	0.1890	0.3110	0.3120
GCF_000337675.1_ASM33767v1_genomic.fna.gz	0.1776	0.1788	0.3217	0.3219
GCF_000337695.1_ASM33769v1_genomic.fna.gz	0.1782	0.1777	0.3220	0.3221
GCF_000337715.1_ASM33771v1_genomic.fna.gz	0.1980	0.1981	0.3018	0.3021
GCF_000337735.1_ASM33773v1_genomic.fna.gz	0.1912	0.1910	0.3094	0.3083
GCF_000337755.1_ASM33775v1_genomic.fna.gz	0.1976	0.1941	0.3031	0.3051
GCF_000337775.1_ASM33777v1_genomic.fna.gz	0.1904	0.1916	0.3091	0.3089
GCF_000337795.1_ASM33779v1_genomic.fna.gz	0.1692	0.1679	0.3324	0.3305
GCF_000337815.1_ASM33781v1_genomic.fna.gz	0.1927	0.1888	0.3091	0.3093
GCF_000337835.1_ASM33783v1_genomic.fna.gz	0.1692	0.1678	0.3314	0.3316
GCF_000337855.1_ASM33785v1_genomic.fna.gz	0.1992	0.2013	0.2995	0.2999
GCF_000337875.1_ASM33787v1_genomic.fna.gz	0.1937	0.1957	0.3050	0.3055
GCF_000337895.1_ASM33789v1_genomic.fna.gz	0.1814	0.1814	0.3181	0.3191
GCF_000337915.1_ASM33791v1_genomic.fna.gz	0.1648	0.1664	0.3349	0.3339
GCF_000338775.1_ASM33877v1_genomic.fna.gz	0.3155	0.3174	0.1833	0.1838
GCF_000340315.1_ASM34031v1_genomic.fna.gz	0.3156	0.3177	0.1831	0.1835
GCF_000341715.1_ASM34171v1_genomic.fna.gz	0.2889	0.2863	0.2122	0.2126
GCF_000349625.1_GATC_genomic.fna.gz	0.2853	0.2818	0.2180	0.2149
GCF_000349645.1_GATC_genomic.fna.gz	0.3184	0.3169	0.1848	0.1800
GCF_000349685.1_GATC_genomic.fna.gz	0.3217	0.3224	0.1768	0.1791
GCF_000350305.1_ASM35030v1_genomic.fna.gz	0.2099	0.2070	0.2926	0.2904
GCF_000363885.1_MethanoVillo1.0_genomic.fna.gz	0.3463	0.3601	0.1522	0.1414
GCF_000364745.1_ASM36474v1_genomic.fna.gz	0.3246	0.3240	0.1748	0.1767
GCF_000364885.1_GATC_genomic.fna.gz	0.3247	0.3249	0.1740	0.1764
GCF_000371805.1_ASM37180v1_genomic.fna.gz	0.3538	0.3513	0.1477	0.1473
GCF_000371945.1_ASM37194v1_genomic.fna.gz	0.3394	0.3330	0.1614	0.1661
GCF_000372145.1_ASM37214v1_genomic.fna.gz	0.3369	0.3293	0.1643	0.1695
GCF_000372505.1_ASM37250v1_genomic.fna.gz	0.2710	0.2586	0.2360	0.2343
GCF_000375565.1_ASM37556v1_genomic.fna.gz	0.3317	0.3439	0.1654	0.1590
GCF_000375605.1_ASM37560v1_genomic.fna.gz	0.3401	0.3390	0.1607	0.1602
GCF_000375665.1_ASM37566v1_genomic.fna.gz	0.3352	0.3408	0.1625	0.1615
GCF_000375685.1_ASM37568v1_genomic.fna.gz	0.3394	0.3403	0.1598	0.1606
GCF_000375985.1_ASM37598v1_genomic.fna.gz	0.3154	0.3165	0.1842	0.1840
GCF_000376005.1_ASM37600v1_genomic.fna.gz	0.3386	0.3380	0.1606	0.1628
GCF_000376025.1_ASM37602v1_genomic.fna.gz	0.3063	0.3065	0.1940	0.1932
GCF_000376045.1_ASM37604v1_genomic.fna.gz	0.3328	0.3261	0.1709	0.1702
GCF_000376445.1_ASM37644v1_genomic.fna.gz	0.1910	0.1913	0.3083	0.3094
GCF_000376965.1_ASM37696v1_genomic.fna.gz	0.3348	0.3372	0.1625	0.1655
GCF_000379085.1_ASM37908v1_genomic.fna.gz	0.1748	0.1749	0.3253	0.3250
GCF_000380685.1_ASM38068v1_genomic.fna.gz	0.1990	0.1967	0.3016	0.3027
GCF_000380705.1_ASM38070v1_genomic.fna.gz	0.3588	0.3545	0.1406	0.1462
GCF_000380865.1_ASM38086v1_genomic.fna.gz	0.2288	0.2365	0.2526	0.2821
GCF_000380905.1_ASM38090v1_genomic.fna.gz	0.3335	0.3470	0.1583	0.1612
GCF_000382725.2_ASM38272v2_genomic.fna.gz	0.2494	0.2502	0.2507	0.2497
GCF_000382765.1_ASM38276v1_genomic.fna.gz	0.2149	0.2176	0.2868	0.2808
GCF_000383975.1_ASM38397v1_genomic.fna.gz	0.1892	0.1883	0.3111	0.3114
GCF_000385565.1_ASM38556v1_genomic.fna.gz	0.2840	0.2836	0.2190	0.2133
GCF_000387965.1_Nst1_genomic.fna.gz	0.3793	0.3774	0.1220	0.1213
GCF_000389735.1_Acd1_genomic.fna.gz	0.2435	0.2397	0.2572	0.2596
GCF_000398485.1_ASM39848v1_genomic.fna.gz	0.1931	0.1959	0.3081	0.3030
GCF_000398505.1_ASM39850v1_genomic.fna.gz	0.1891	0.1916	0.3087	0.3106
GCF_000398525.1_ASM39852v1_genomic.fna.gz	0.1890	0.1931	0.3101	0.3078
GCF_000398545.1_ASM39854v1_genomic.fna.gz	0.1950	0.1925	0.3062	0.3063
GCF_000398565.1_ASM39856v1_genomic.fna.gz	0.2309	0.2275	0.2707	0.2709
GCF_000398585.1_ASM39858v1_genomic.fna.gz	0.2016	0.2043	0.2974	0.2966
GCF_000398765.1_ASM39876v1_genomic.fna.gz	0.3597	0.3532	0.1410	0.1460
GCF_000399745.1_ASM39974v1_genomic.fna.gz	0.3201	0.3233	0.1789	0.1777
GCF_000399765.1_ASM39976v1_genomic.fna.gz	0.3223	0.3205	0.1791	0.1780
GCF_000399825.1_ASM39982v1_genomic.fna.gz	0.3590	0.3530	0.1442	0.1437
GCF_000400975.1_ASM40097v1_genomic.fna.gz	0.1655	0.1659	0.3340	0.3346
GCF_000402075.1_ASM40207v1_genomic.fna.gz	0.3228	0.3205	0.1779	0.1788
GCF_000402355.1_ASM40235v1_genomic.fna.gz	0.2709	0.2553	0.2373	0.2365
GCF_000402515.1_ASM40251v1_genomic.fna.gz	0.3382	0.3408	0.1534	0.1676
GCF_000402735.1_ASM40273v1_genomic.fna.gz	0.3443	0.3356	0.1597	0.1604
GCF_000402775.1_ASM40277v1_genomic.fna.gz	0.2789	0.2736	0.2206	0.2269
GCF_000402915.1_ASM40291v1_genomic.fna.gz	0.1937	0.1886	0.3069	0.3108
GCF_000402965.1_ASM40296v1_genomic.fna.gz	0.2267	0.2253	0.2746	0.2734
GCF_000403645.1_ASM40364v1_genomic.fna.gz	0.1669	0.1672	0.3331	0.3327
GCF_000404165.1_ASM40416v1_genomic.fna.gz	0.3536	0.3560	0.1459	0.1445
GCF_000404225.1_ASM40422v1_genomic.fna.gz	0.2933	0.2942	0.2055	0.2070
GCF_000404305.1_ASM40430v1_genomic.fna.gz	0.3095	0.3160	0.1886	0.1859
GCF_000405685.1_ASM40568v1_genomic.fna.gz	0.3157	0.3055	0.1872	0.1915
GCF_000405745.1_ASM40574v1_genomic.fna.gz	0.2695	0.2716	0.2296	0.2293
GCF_000405885.1_ASM40588v1_genomic.fna.gz	0.3588	0.3544	0.1416	0.1452
GCF_000405905.1_ASM40590v1_genomic.fna.gz	0.1891	0.1901	0.3087	0.3120
GCF_000405925.1_ASM40592v1_genomic.fna.gz	0.1968	0.1911	0.3042	0.3079
GCF_000415945.1_HX64_HX5_0315125.1_genomic.fna.gz	0.1941	0.1989	0.3059	0.3011
GCF_000415965.1_J07B_scf56329a_trim_genomic.fna.gz	0.2530	0.2528	0.2463	0.2478
GCF_000415985.1_HQW2_08err_032412a_genomic.fna.gz	0.2589	0.2612	0.2400	0.2399
GCF_000416005.1_HQX_031812_genomic.fna.gz	0.2465	0.2467	0.2516	0.2553
GCF_000416025.1_HN6_031912_genomic.fna.gz	0.1848	0.1888	0.3146	0.3118
GCF_000416045.1_HR_032012_genomic.fna.gz	0.2030	0.2014	0.2967	0.2990
GCF_000416065.1_HN4_v3_031612_genomic.fna.gz	0.1937	0.1966	0.3043	0.3053
GCF_000416085.1_J07ABselected_genomic.fna.gz	0.1783	0.1811	0.3217	0.3189
GCF_000416105.1_J07AB_HB67select_genomic.fna.gz	0.1647	0.1636	0.3333	0.3384
GCF_000421805.1_ASM42180v1_genomic.fna.gz	0.1673	0.1666	0.3339	0.3322
GCF_000427685.1_ASM42768v1_genomic.fna.gz	0.1752	0.1748	0.3252	0.3249
GCF_000430485.1_ASM43048v1_genomic.fna.gz	0.2805	0.2789	0.2203	0.2202
GCF_000430905.1_ASM43090v1_genomic.fna.gz	0.2433	0.2424	0.2569	0.2574
GCF_000437055.1_MGS186_genomic.fna.gz	0.3415	0.3469	0.1511	0.1606
GCF_000437835.1_MGS1088_genomic.fna.gz	0.2230	0.2191	0.2795	0.2783
GCF_000446015.1_ASM44601v1_genomic.fna.gz	0.2667	0.2683	0.2333	0.2318
GCF_000447225.1_amd_a-plasma_genomic.fna.gz	0.2674	0.2703	0.2315	0.2308
GCF_000447865.2_ASM44786v2_genomic.fna.gz	0.1611	0.1621	0.3392	0.3376
GCF_000455345.1_Halgo_genomic.fna.gz	0.1711	0.1683	0.3307	0.3299
GCF_000455365.1_HdjelfamassiliensisIIH2_genomic.fna.gz	0.1779	0.1790	0.3222	0.3209
GCF_000470655.1_HATI1_genomic.fna.gz	0.1872	0.1854	0.3135	0.3139
GCF_000474235.1_ASM47423v1_genomic.fna.gz	0.1632	0.1630	0.3360	0.3378
GCF_000484895.1_ASM48489v1_genomic.fna.gz	0.3237	0.3188	0.1775	0.1800
GCF_000484915.1_ASM48491v1_genomic.fna.gz	0.3745	0.3601	0.1365	0.1289
GCF_000484935.1_ASM48493v1_genomic.fna.gz	0.3227	0.3215	0.1782	0.1776
GCF_000484955.1_ASM48495v1_genomic.fna.gz	0.3331	0.3228	0.1695	0.1747
GCF_000484975.1_ASM48497v1_genomic.fna.gz	0.3269	0.3394	0.1695	0.1642
GCF_000485535.1_ASM48553v1_genomic.fna.gz	0.1866	0.1871	0.3128	0.3135
GCF_000493245.1_Nat_J71_genomic.fna.gz	0.1791	0.1771	0.3211	0.3226
GCF_000494125.1_Aigarchaeota_archaeon_OTU_4_genomic.fna.gz	0.1990	0.1966	0.3014	0.3030
GCF_000494145.1_Aigarchaeota_archaeon_OTU_1_genomic.fna.gz	0.1929	0.1928	0.3068	0.3075
GCF_000494165.1_Aigarchaeota_archaeon_OTU_2_genomic.fna.gz	0.1938	0.1888	0.3064	0.3110
GCF_000494185.1_Aigarchaeota_archaeon_OTU_3_genomic.fna.gz	0.2261	0.2249	0.2751	0.2740
GCF_000494205.1_Geoarchaeota_archaeon_OTU_1_genomic.fna.gz	0.3589	0.3544	0.1405	0.1462
GCF_000495475.1_Htyrrel1.0_genomic.fna.gz	0.1489	0.1499	0.3510	0.3502
GCF_000499765.1_Methanobacterium_genomic.fna.gz	0.3033	0.2993	0.1990	0.1984
GCF_000504205.1_ASM50420v1_genomic.fna.gz	0.3010	0.3011	0.2001	0.1978
GCF_000504565.1_ASM50456v2_genomic.fna.gz	0.1876	0.1882	0.3123	0.3119
GCF_000508305.1_ASM50830v1_genomic.fna.gz	0.3171	0.3199	0.1819	0.1811
GCF_000513315.1_ANOR1_genomic.fna.gz	0.3723	0.3724	0.1269	0.1284
GCF_000513435.1_HRSP_AJ67_genomic.fna.gz	0.1787	0.1842	0.3165	0.3206
GCF_000513855.1_ASM51385v1_genomic.fna.gz	0.2687	0.2797	0.2298	0.2218
GCF_000517445.1_ASM51744v1_genomic.fna.gz	0.3014	0.2956	0.1995	0.2034
GCF_000517625.1_ASM51762v1_genomic.fna.gz	0.1962	0.1949	0.3045	0.3044
GCF_000529525.1_Methanobrevibacter_oralis_JMR01_genomic.fna.gz	0.3649	0.3574	0.1472	0.1305
GCF_000565255.1_Az1_genomic.fna.gz	0.2675	0.2627	0.2304	0.2395
GCF_000585495.1_ASM58549v1_genomic.fna.gz	0.2253	0.2263	0.2729	0.2755
GCF_000591035.1_ASM59103v1_genomic.fna.gz	0.2144	0.2183	0.2862	0.2811
GCF_000591055.1_ASM59105v1_genomic.fna.gz	0.1773	0.1774	0.3216	0.3236
GCF_000621965.1_ASM62196v1_genomic.fna.gz	0.3791	0.3788	0.1202	0.1219
GCF_000632495.1_AciCop1.0_genomic.fna.gz	0.3212	0.3224	0.1759	0.1804
GCF_000685155.1_ANME2D_V10_genomic.fna.gz	0.2831	0.2847	0.2166	0.2156
GCF_000685395.1_NKMY2_genomic.fna.gz	0.2938	0.2886	0.2089	0.2087
GCF_000685635.1_ASM68563v1_genomic.fna.gz	0.1987	0.1987	0.3016	0.3010
GCF_000690595.1_ASM69059v2_genomic.fna.gz	0.1759	0.1730	0.3251	0.3260
GCF_000691505.1_ASM69150v2_genomic.fna.gz	0.1963	0.1960	0.3036	0.3042
GCF_000691865.1_MethMaris1.0_genomic.fna.gz	0.1935	0.1921	0.3074	0.3070
GCF_000698785.1_ASM69878v1_genomic.fna.gz	0.2359	0.2369	0.2644	0.2628
GCF_000700025.1_ASM70002v2_genomic.fna.gz	0.1680	0.1672	0.3319	0.3330
GCF_000710605.1_HTGA29.1_genomic.fna.gz	0.1750	0.1758	0.3255	0.3236
GCF_000710615.1_HAPD43.1_genomic.fna.gz	0.2111	0.2113	0.2893	0.2883
GCF_000711215.1_ASM71121v1_genomic.fna.gz	0.2535	0.2519	0.2495	0.2451
GCF_000711905.1_ASM71190v1_genomic.fna.gz	0.2260	0.2274	0.2766	0.2701
GCF_000722915.1_ASM72291v1_genomic.fna.gz	0.3339	0.3240	0.1708	0.1714
GCF_000723185.1_APF_1883_PRJEB4650_genomic.fna.gz	0.2911	0.2864	0.2114	0.2111
GCF_000723845.1_PRJEB5511_assembly_1_genomic.fna.gz	0.1685	0.1714	0.3302	0.3298
GCF_000724145.1_ASM72414v1_genomic.fna.gz	0.3299	0.3286	0.1705	0.1710
GCF_000725425.1_ASM72542v1_genomic.fna.gz	0.2827	0.2869	0.2124	0.2181
GCF_000730175.1_ASM73017v1_genomic.fna.gz	0.1917	0.1904	0.3096	0.3083
GCF_000731985.1_ASM73198v1_genomic.fna.gz	0.1776	0.1768	0.3243	0.3213
GCF_000734035.1_ASM73403v1_genomic.fna.gz	0.2599	0.2594	0.2406	0.2401
GCF_000739065.1_ASM73906v1_genomic.fna.gz	0.3453	0.3468	0.1541	0.1538
GCF_000739555.1_ASM73955v1_genomic.fna.gz	0.1546	0.1549	0.3463	0.3442
GCF_000739575.1_ASM73957v1_genomic.fna.gz	0.1787	0.1801	0.3213	0.3199
GCF_000739595.1_ASM73959v1_genomic.fna.gz	0.1736	0.1750	0.3260	0.3254
GCF_000744315.1_ASM74431v1_genomic.fna.gz	0.2923	0.2927	0.2074	0.2077
GCF_000744455.1_ASM74445v1_genomic.fna.gz	0.3392	0.3351	0.1617	0.1641
GCF_000745485.1_ASM74548v1_genomic.fna.gz	0.3303	0.3375	0.1622	0.1699
GCF_000746075.1_ASM74607v1_genomic.fna.gz	0.3342	0.3341	0.1698	0.1619
GCF_000746205.1_ASM74620v1_genomic.fna.gz	0.1700	0.1699	0.3295	0.3306
GCF_000746685.1_ASM74668v1_genomic.fna.gz	0.3347	0.3281	0.1692	0.1680
GCF_000746695.1_ASM74669v1_genomic.fna.gz	0.3357	0.3250	0.1670	0.1723
GCF_000746705.1_ASM74670v1_genomic.fna.gz	0.3264	0.3267	0.1746	0.1723
GCF_000746745.1_ASM74674v1_genomic.fna.gz	0.3272	0.3324	0.1712	0.1692
GCF_000746765.1_ASM74676v1_genomic.fna.gz	0.3291	0.3280	0.1712	0.1717
GCF_000746785.1_ASM74678v1_genomic.fna.gz	0.3331	0.3298	0.1681	0.1691
GCF_000747605.1_ASM74760v1_genomic.fna.gz	0.2707	0.2671	0.2278	0.2343
GCF_000755225.1_ASM75522v1_genomic.fna.gz	0.1813	0.1814	0.3193	0.3180
GCF_000755245.1_ASM75524v1_genomic.fna.gz	0.1894	0.1876	0.3112	0.3118
GCF_000762265.1_ASM76226v1_genomic.fna.gz	0.2940	0.2926	0.2081	0.2052
GCF_000765475.1_Mmet_Version1_genomic.fna.gz	0.2888	0.2863	0.2112	0.2138
GCF_000769655.1_ASM76965v1_genomic.fna.gz	0.2335	0.2319	0.2661	0.2685
GCF_000784335.1_ASM78433v1_genomic.fna.gz	0.1736	0.1723	0.3263	0.3278
GCF_000784355.1_Metpay_genomic.fna.gz	0.2643	0.2603	0.2368	0.2386
GCF_000789255.1_ASM78925v1_genomic.fna.gz	0.2668	0.2648	0.2348	0.2336
GCF_000800805.1_ASM80080v1_genomic.fna.gz	0.2484	0.2596	0.2492	0.2428
GCF_000812185.1_ASM81218v1_genomic.fna.gz	0.3338	0.3346	0.1670	0.1646
GCF_000813245.1_ASM81324v1_genomic.fna.gz	0.2678	0.2682	0.2337	0.2303
GCF_000815385.1_ASM81538v1_genomic.fna.gz	0.1901	0.1892	0.3099	0.3108
GCF_000816105.1_ASM81610v1_genomic.fna.gz	0.2352	0.2362	0.2647	0.2639
GCF_000824705.1_Methanobrevibacter_smithii_genomic.fna.gz	0.3488	0.3361	0.1653	0.1498
GCF_000827835.1_ASM82783v1_genomic.fna.gz	0.1906	0.1899	0.3099	0.3096
GCF_000828575.1_ASM82857v1_genomic.fna.gz	0.2516	0.2550	0.2465	0.2470
GCF_000949015.1_ASM94901v1_genomic.fna.gz	0.3276	0.3321	0.1711	0.1691
GCF_000953115.1_DSM1535_genomic.fna.gz	0.2932	0.2945	0.2078	0.2045
GCF_000955905.1_ASM95590v3_genomic.fna.gz	0.2918	0.2983	0.2059	0.2040
GCF_000956175.1_ASM95617v1_genomic.fna.gz	0.3345	0.3315	0.1659	0.1682
GCF_000960885.1_ASM96088v1_genomic.fna.gz	0.2093	0.2112	0.2917	0.2878
GCF_000961135.1_ASM96113v1_genomic.fna.gz	0.2659	0.2693	0.2353	0.2295
GCF_000966265.1_ASM96626v1_genomic.fna.gz	0.2278	0.2292	0.2728	0.2703
GCF_000968355.1_ASM96835v1_genomic.fna.gz	0.3181	0.3233	0.1798	0.1788
GCF_000968395.1_ASM96839v1_genomic.fna.gz	0.3181	0.3233	0.1798	0.1788
GCF_000968435.1_ASM96843v1_genomic.fna.gz	0.3181	0.3233	0.1798	0.1788
GCF_000969885.1_ASM96988v1_genomic.fna.gz	0.2942	0.2943	0.2055	0.2060
GCF_000969905.1_ASM96990v1_genomic.fna.gz	0.2979	0.3050	0.2000	0.1971
GCF_000969945.1_ASM96994v1_genomic.fna.gz	0.2979	0.3036	0.2002	0.1982
GCF_000969965.1_ASM96996v1_genomic.fna.gz	0.2872	0.2959	0.2075	0.2095
GCF_000969985.1_ASM96998v1_genomic.fna.gz	0.3024	0.3051	0.1955	0.1970
GCF_000970005.1_ASM97000v1_genomic.fna.gz	0.2903	0.2915	0.2090	0.2092
GCF_000970025.1_ASM97002v1_genomic.fna.gz	0.3039	0.3041	0.1960	0.1959
GCF_000970045.1_ASM97004v1_genomic.fna.gz	0.2714	0.2693	0.2298	0.2295
GCF_000970065.1_ASM97006v1_genomic.fna.gz	0.3077	0.3001	0.1959	0.1963
GCF_000970085.1_ASM97008v1_genomic.fna.gz	0.2831	0.2874	0.2139	0.2155
GCF_000970145.1_ASM97014v1_genomic.fna.gz	0.2854	0.2886	0.2119	0.2141
GCF_000970165.1_ASM97016v1_genomic.fna.gz	0.2907	0.2948	0.2075	0.2071
GCF_000970185.1_ASM97018v1_genomic.fna.gz	0.2927	0.2925	0.2075	0.2074
GCF_000970205.1_ASM97020v1_genomic.fna.gz	0.2923	0.2935	0.2073	0.2069
GCF_000970225.1_ASM97022v1_genomic.fna.gz	0.2888	0.2973	0.2075	0.2064
GCF_000970245.1_ASM97024v1_genomic.fna.gz	0.2861	0.2991	0.2073	0.2076
GCF_000970265.1_ASM97026v1_genomic.fna.gz	0.2918	0.2900	0.2092	0.2091
GCF_000970285.1_ASM97028v1_genomic.fna.gz	0.2916	0.2953	0.2071	0.2060
GCF_000970305.1_ASM97030v1_genomic.fna.gz	0.3069	0.3023	0.1958	0.1950
GCF_000970325.1_ASM97032v1_genomic.fna.gz	0.2815	0.2782	0.2184	0.2219
GCF_000978935.1_gtlEnvA5udCFS_genomic.fna.gz	0.2902	0.2934	0.2085	0.2079
GCF_000978945.1_gtlEnvA5udCFS_genomic.fna.gz	0.2905	0.2931	0.2087	0.2077
GCF_000978955.1_gtlEnvA5udCFS_genomic.fna.gz	0.2914	0.2925	0.2086	0.2074
GCF_000978965.1_gtlEnvA5udCFS_genomic.fna.gz	0.2935	0.2919	0.2069	0.2077
GCF_000979015.1_gtlEnvA5udCFS_genomic.fna.gz	0.2937	0.2901	0.2070	0.2091
GCF_000979025.1_gtlEnvA5udCFS_genomic.fna.gz	0.2905	0.2926	0.2088	0.2081
GCF_000979035.1_gtlEnvA5udCFS_genomic.fna.gz	0.2944	0.2910	0.2070	0.2076
GCF_000979045.1_gtlEnvA5udCFS_genomic.fna.gz	0.2914	0.2939	0.2077	0.2070
GCF_000979095.1_gtlEnvA5udCFS_genomic.fna.gz	0.2920	0.2912	0.2079	0.2090
GCF_000979105.1_gtlEnvA5udCFS_genomic.fna.gz	0.2931	0.2915	0.2079	0.2075
GCF_000979115.1_gtlEnvA5udCFS_genomic.fna.gz	0.2910	0.2916	0.2082	0.2093
GCF_000979125.1_gtlEnvA5udCFS_genomic.fna.gz	0.2917	0.2922	0.2080	0.2082
GCF_000979175.1_gtlEnvA5udCFS_genomic.fna.gz	0.2937	0.2906	0.2075	0.2083
GCF_000979185.1_gtlEnvA5udCFS_genomic.fna.gz	0.2909	0.2933	0.2081	0.2076
GCF_000979195.1_gtlEnvA5udCFS_genomic.fna.gz	0.2908	0.2931	0.2083	0.2078
GCF_000979205.1_gtlEnvA5udCFS_genomic.fna.gz	0.2930	0.2934	0.2063	0.2073
GCF_000979255.1_gtlEnvA5udCFS_genomic.fna.gz	0.2923	0.2919	0.2081	0.2076
GCF_000979265.1_gtlEnvA5udCFS_genomic.fna.gz	0.2939	0.2899	0.2077	0.2086
GCF_000979275.1_gtlEnvA5udCFS_genomic.fna.gz	0.2910	0.2932	0.2080	0.2077
GCF_000979295.1_gtlEnvA5udCFS_genomic.fna.gz	0.2869	0.2816	0.2147	0.2168
GCF_000979335.1_gtlEnvA5udCFS_genomic.fna.gz	0.2924	0.2919	0.2076	0.2082
GCF_000979345.1_gtlEnvA5udCFS_genomic.fna.gz	0.2948	0.2896	0.2074	0.2082
GCF_000979375.1_gtlEnvA5udCFS_genomic.fna.gz	0.2934	0.2913	0.2069	0.2084
GCF_000979385.1_gtlEnvA5udCFS_genomic.fna.gz	0.2846	0.2861	0.2148	0.2145
GCF_000979415.1_gtlEnvA5udCFS_genomic.fna.gz	0.2885	0.2835	0.2133	0.2147
GCF_000979425.1_gtlEnvA5udCFS_genomic.fna.gz	0.2867	0.2854	0.2140	0.2139
GCF_000979455.1_gtlEnvA5udCFS_genomic.fna.gz	0.2848	0.2875	0.2138	0.2139
GCF_000979475.1_gtlEnvA5udCFS_genomic.fna.gz	0.2862	0.2860	0.2140	0.2138
GCF_000979495.1_gtlEnvA5udCFS_genomic.fna.gz	0.2926	0.2908	0.2084	0.2082
GCF_000979505.1_gtlEnvA5udCFS_genomic.fna.gz	0.2920	0.2927	0.2074	0.2079
GCF_000979515.1_gtlEnvA5udCFS_genomic.fna.gz	0.2901	0.2936	0.2088	0.2075
GCF_000979555.1_gtlEnvA5udCFS_genomic.fna.gz	0.2905	0.2933	0.2085	0.2077
GCF_000979575.1_gtlEnvA5udCFS_genomic.fna.gz	0.2922	0.2914	0.2081	0.2083
GCF_000979585.1_gtlEnvA5udCFS_genomic.fna.gz	0.2905	0.2933	0.2085	0.2078
GCF_000979595.1_gtlEnvA5udCFS_genomic.fna.gz	0.2927	0.2924	0.2076	0.2074
GCF_000979635.1_gtlEnvA5udCFS_genomic.fna.gz	0.2949	0.2904	0.2068	0.2079
GCF_000979655.1_gtlEnvA5udCFS_genomic.fna.gz	0.2929	0.2906	0.2078	0.2086
GCF_000979665.1_gtlEnvA5udCFS_genomic.fna.gz	0.2933	0.2920	0.2070	0.2077
GCF_000979675.1_gtlEnvA5udCFS_genomic.fna.gz	0.2903	0.2944	0.2077	0.2077
GCF_000979685.1_gtlEnvA5udCFS_genomic.fna.gz	0.2940	0.2917	0.2068	0.2076
GCF_000979735.1_gtlEnvA5udCFS_genomic.fna.gz	0.2920	0.2923	0.2081	0.2077
GCF_000979745.1_gtlEnvA5udCFS_genomic.fna.gz	0.2912	0.2922	0.2087	0.2079
GCF_000979755.1_gtlEnvA5udCFS_genomic.fna.gz	0.2949	0.2909	0.2063	0.2080
GCF_000979765.1_gtlEnvA5udCFS_genomic.fna.gz	0.2917	0.2936	0.2070	0.2077
GCF_000979815.1_gtlEnvA5udCFS_genomic.fna.gz	0.2934	0.2912	0.2080	0.2074
GCF_000979825.1_gtlEnvA5udCFS_genomic.fna.gz	0.2916	0.2931	0.2079	0.2073
GCF_000979845.1_gtlEnvA5udCFS_genomic.fna.gz	0.2934	0.2911	0.2081	0.2074
GCF_000979855.1_gtlEnvA5udCFS_genomic.fna.gz	0.2914	0.2931	0.2086	0.2070
GCF_000979895.1_gtlEnvA5udCFS_genomic.fna.gz	0.2883	0.2944	0.2100	0.2073
GCF_000979915.1_gtlEnvA5udCFS_genomic.fna.gz	0.2920	0.2922	0.2078	0.2080
GCF_000979925.1_gtlEnvA5udCFS_genomic.fna.gz	0.2926	0.2916	0.2083	0.2074
GCF_000979935.1_gtlEnvA5udCFS_genomic.fna.gz	0.2925	0.2910	0.2079	0.2086
GCF_000979975.1_gtlEnvA5udCFS_genomic.fna.gz	0.2863	0.2828	0.2147	0.2163
GCF_000979995.1_gtlEnvA5udCFS_genomic.fna.gz	0.2917	0.2923	0.2077	0.2084
GCF_000980005.1_gtlEnvA5udCFS_genomic.fna.gz	0.2916	0.2915	0.2083	0.2086
GCF_000980025.1_gtlEnvA5udCFS_genomic.fna.gz	0.2912	0.2931	0.2085	0.2073
GCF_000980055.1_gtlEnvA5udCFS_genomic.fna.gz	0.2915	0.2929	0.2082	0.2075
GCF_000980075.1_gtlEnvA5udCFS_genomic.fna.gz	0.2936	0.2901	0.2076	0.2087
GCF_000980085.1_gtlEnvA5udCFS_genomic.fna.gz	0.2922	0.2921	0.2079	0.2078
GCF_000980105.1_gtlEnvA5udCFS_genomic.fna.gz	0.2941	0.2902	0.2073	0.2084
GCF_000980135.1_gtlEnvA5udCFS_genomic.fna.gz	0.2940	0.2903	0.2078	0.2079
GCF_000980155.1_gtlEnvA5udCFS_genomic.fna.gz	0.2920	0.2918	0.2081	0.2080
GCF_000980175.1_gtlEnvA5udCFS_genomic.fna.gz	0.2924	0.2919	0.2077	0.2080
GCF_000993805.1_ASM99380v1_genomic.fna.gz	0.2595	0.2611	0.2384	0.2410
GCF_001006045.1_ASM100604v1_genomic.fna.gz	0.2351	0.2338	0.2626	0.2685
GCF_001006085.1_ASM100608v1_genomic.fna.gz	0.2359	0.2334	0.2625	0.2682
GCF_001011115.1_ASM101111v1_genomic.fna.gz	0.1870	0.1845	0.3139	0.3146
GCF_001017125.1_ASM101712v1_genomic.fna.gz	0.1889	0.1878	0.3118	0.3115
GCF_001027005.1_ASM102700v1_genomic.fna.gz	0.3076	0.3006	0.1958	0.1960
GCF_001190965.1_ASM119096v1_genomic.fna.gz	0.1675	0.1704	0.3311	0.3310
GCF_001261915.1_Halorubrum_SD626R_genomic.fna.gz	0.1619	0.1625	0.3368	0.3388
GCF_001266655.1_ASM126665v1_genomic.fna.gz	0.2707	0.2671	0.2278	0.2344
GCF_001266675.1_ASM126667v1_genomic.fna.gz	0.2707	0.2671	0.2278	0.2344
GCF_001266695.1_ASM126669v1_genomic.fna.gz	0.2707	0.2671	0.2278	0.2344
GCF_001266715.1_ASM126671v1_genomic.fna.gz	0.2707	0.2671	0.2278	0.2344
GCF_001266735.1_ASM126673v1_genomic.fna.gz	0.2707	0.2671	0.2278	0.2344
GCF_001280425.1_ASM128042v1_genomic.fna.gz	0.1902	0.1893	0.3096	0.3109
GCF_001280455.1_ASM128045v1_genomic.fna.gz	0.1620	0.1615	0.3377	0.3387
GCF_001282785.1_halo7_genomic.fna.gz	0.1609	0.1596	0.3398	0.3396
GCF_001304615.1_ASM130461v1_genomic.fna.gz	0.2951	0.2919	0.2066	0.2064
GCF_001305655.1_ASM130565v1_genomic.fna.gz	0.1872	0.1852	0.3135	0.3141
GCF_001307315.1_Halpeg_cdk2_1_genomic.fna.gz	0.1619	0.1620	0.3381	0.3379
GCF_001315825.1_ASM131582v1_genomic.fna.gz	0.2847	0.2821	0.2144	0.2188
GCF_001315845.1_ASM131584v1_genomic.fna.gz	0.2150	0.2129	0.2838	0.2883
GCF_001315865.1_ASM131586v1_genomic.fna.gz	0.2926	0.2899	0.2074	0.2100
GCF_001315885.1_ASM131588v1_genomic.fna.gz	0.3640	0.3732	0.1350	0.1278
GCF_001315905.1_ASM131590v1_genomic.fna.gz	0.2411	0.2371	0.2589	0.2629
GCF_001315925.1_ASM131592v1_genomic.fna.gz	0.2331	0.2355	0.2580	0.2734
GCF_001315945.1_ASM131594v1_genomic.fna.gz	0.2343	0.2451	0.2552	0.2653
GCF_001315965.1_ASM131596v1_genomic.fna.gz	0.1878	0.1886	0.3105	0.3131
GCF_001315985.1_ASM131598v1_genomic.fna.gz	0.2707	0.2692	0.2260	0.2340
GCF_001316005.1_ASM131600v1_genomic.fna.gz	0.2717	0.2708	0.2252	0.2322
GCF_001316025.1_ASM131602v1_genomic.fna.gz	0.2727	0.2727	0.2226	0.2320
GCF_001316045.1_ASM131604v1_genomic.fna.gz	0.3069	0.3070	0.1958	0.1903
GCF_001316065.1_ASM131606v1_genomic.fna.gz	0.2166	0.2164	0.2845	0.2826
GCF_001316085.1_ASM131608v1_genomic.fna.gz	0.2882	0.2889	0.2100	0.2128
GCF_001316105.1_ASM131610v1_genomic.fna.gz	0.2199	0.2158	0.2784	0.2859
GCF_001316165.1_ASM131616v1_genomic.fna.gz	0.2401	0.2366	0.2595	0.2638
GCF_001316185.1_ASM131618v1_genomic.fna.gz	0.1987	0.1998	0.3001	0.3014
GCF_001316225.1_ASM131622v1_genomic.fna.gz	0.3269	0.3341	0.1718	0.1672
GCF_001316245.1_ASM131624v1_genomic.fna.gz	0.2656	0.2671	0.2329	0.2344
GCF_001316265.1_ASM131626v1_genomic.fna.gz	0.2732	0.2741	0.2248	0.2280
GCF_001316285.1_ASM131628v1_genomic.fna.gz	0.2703	0.2703	0.2261	0.2332
GCF_001316305.1_ASM131630v1_genomic.fna.gz	0.3062	0.3025	0.1952	0.1962
GCF_001316325.1_ASM131632v1_genomic.fna.gz	0.2941	0.2935	0.2067	0.2057
GCF_001317345.1_ASM131734v1_genomic.fna.gz	0.3060	0.3012	0.1964	0.1964
GCF_001368915.1_PRJEB5949_assembly_1_genomic.fna.gz	0.1695	0.1671	0.3310	0.3324
GCF_001399695.1_ASM139969v1_genomic.fna.gz	0.3275	0.3288	0.1718	0.1720
GCF_001402935.1_ASM140293v1_genomic.fna.gz	0.3269	0.3315	0.1733	0.1683
GCF_001402945.1_ASM140294v1_genomic.fna.gz	0.3318	0.3284	0.1696	0.1703
GCF_001412615.1_ASM141261v1_genomic.fna.gz	0.2295	0.2313	0.2715	0.2676
GCF_001418715.1_ASM141871v1_genomic.fna.gz	0.2331	0.2323	0.2680	0.2666
GCF_001433455.1_ASM143345v1_genomic.fna.gz	0.2931	0.2885	0.2067	0.2117
GCF_001458655.1_Mb9_genomic.fna.gz	0.2921	0.2965	0.2061	0.2054
GCF_001462205.1_HalopeDYS1.0_genomic.fna.gz	0.1594	0.1579	0.3411	0.3416
GCF_001462395.1_ASM146239v1_genomic.fna.gz	0.1828	0.1823	0.3182	0.3167
GCF_001469865.1_ASM146986v1_genomic.fna.gz	0.1953	0.1962	0.3034	0.3051
GCF_001469875.1_ASM146987v1_genomic.fna.gz	0.1717	0.1718	0.3283	0.3283
GCF_001469955.1_ASM146995v1_genomic.fna.gz	0.1872	0.1874	0.3140	0.3113
GCF_001477655.1_ASM147765v1_genomic.fna.gz	0.3398	0.3421	0.1595	0.1586
GCF_001481295.1_ASM148129v1_genomic.fna.gz	0.1990	0.1970	0.3020	0.3020
GCF_001481635.1_ASM148163v1_genomic.fna.gz	0.3179	0.3149	0.1836	0.1835
GCF_001481685.1_ASM148168v1_genomic.fna.gz	0.2743	0.2766	0.2242	0.2249
GCF_001482285.1_ASM148228v1_genomic.fna.gz	0.1755	0.1739	0.3250	0.3256
GCF_001483125.1_ASM148312v1_genomic.fna.gz	0.1792	0.1807	0.3192	0.3209
GCF_001484195.1_ASM148419v1_genomic.fna.gz	0.2287	0.2284	0.2718	0.2711
GCF_001484685.1_ASM148468v1_genomic.fna.gz	0.2764	0.2776	0.2234	0.2226
GCF_001485535.1_ASM148553v1_genomic.fna.gz	0.1695	0.1710	0.3301	0.3294
GCF_001485555.1_ASM148555v1_genomic.fna.gz	0.1904	0.1901	0.3100	0.3095
GCF_001485575.1_ASM148557v1_genomic.fna.gz	0.1953	0.1952	0.3049	0.3047
GCF_001488575.1_Halobacterium_hubeiense_JI20-1_genomic.fna.gz	0.1672	0.1670	0.3331	0.3326
GCF_001541925.1_ASM154192v1_genomic.fna.gz	0.3524	0.3336	0.1582	0.1557
GCF_001542905.1_ASM154290v1_genomic.fna.gz	0.1613	0.1590	0.3393	0.3404
GCF_001548675.1_ASM154867v1_genomic.fna.gz	0.3294	0.3281	0.1720	0.1705
GCF_001559955.1_GG12_C01_01_genomic.fna.gz	0.3155	0.3174	0.1833	0.1838
GCF_001559965.1_GG12_C01_03_genomic.fna.gz	0.3155	0.3174	0.1833	0.1838
GCF_001559975.1_GG12_C01_02_genomic.fna.gz	0.3168	0.3160	0.1840	0.1832
GCF_001559985.1_GG12_C01_04_genomic.fna.gz	0.3174	0.3155	0.1835	0.1835
GCF_001560035.1_GG12_C01_05_genomic.fna.gz	0.3155	0.3174	0.1833	0.1838
GCF_001560045.1_GG12_C01_07_genomic.fna.gz	0.3155	0.3174	0.1833	0.1838
GCF_001560065.1_GG12_C01_08_genomic.fna.gz	0.3155	0.3174	0.1833	0.1838
GCF_001560085.1_GG12_C01_10_genomic.fna.gz	0.3178	0.3151	0.1837	0.1833
GCF_001560115.1_GG12_C01_11_genomic.fna.gz	0.3155	0.3175	0.1833	0.1838
GCF_001560125.1_GG12_C01_12_genomic.fna.gz	0.3156	0.3175	0.1832	0.1837
GCF_001560135.1_GG12_C01_13_genomic.fna.gz	0.3172	0.3158	0.1844	0.1827
GCF_001560165.1_GG12_C01_14_genomic.fna.gz	0.3156	0.3175	0.1832	0.1838
GCF_001560195.1_GG12_C01_15_genomic.fna.gz	0.3150	0.3178	0.1835	0.1837
GCF_001560205.1_GG12_C01_16_genomic.fna.gz	0.3151	0.3179	0.1857	0.1813
GCF_001560215.1_GG12_C01_17_genomic.fna.gz	0.3155	0.3174	0.1833	0.1838
GCF_001560245.1_GG12_C01_18_genomic.fna.gz	0.3174	0.3155	0.1838	0.1833
GCF_001560275.1_GG12_C01_20_genomic.fna.gz	0.3156	0.3174	0.1832	0.1838
GCF_001560285.1_GG12_C01_21_genomic.fna.gz	0.3156	0.3175	0.1832	0.1837
GCF_001560305.1_GG12_C01_22_genomic.fna.gz	0.3155	0.3174	0.1833	0.1838
GCF_001560315.1_NG05A_C04_genomic.fna.gz	0.3148	0.3178	0.1836	0.1837
GCF_001560355.1_NG05A_C05_01_genomic.fna.gz	0.3153	0.3175	0.1827	0.1845
GCF_001560375.1_NG05B_C03_01_genomic.fna.gz	0.3154	0.3174	0.1832	0.1840
GCF_001560385.1_NG05B_C06_02_genomic.fna.gz	0.3151	0.3177	0.1835	0.1837
GCF_001560405.1_NG05B_C06_03_genomic.fna.gz	0.3150	0.3178	0.1835	0.1837
GCF_001560435.1_NG05B_C06_04_genomic.fna.gz	0.3153	0.3175	0.1834	0.1839
GCF_001560455.1_NG05B_C06_05_genomic.fna.gz	0.3153	0.3175	0.1834	0.1839
GCF_001560465.1_NG05B_C06_06_genomic.fna.gz	0.3153	0.3174	0.1836	0.1837
GCF_001560485.1_NG05B_C06_07_genomic.fna.gz	0.3153	0.3174	0.1834	0.1839
GCF_001560515.1_NG05B_C06_11_genomic.fna.gz	0.3149	0.3179	0.1835	0.1837
GCF_001560525.1_NG05B_C06_12_genomic.fna.gz	0.3176	0.3153	0.1842	0.1829
GCF_001560555.1_NG05B_C06_13_genomic.fna.gz	0.3149	0.3179	0.1836	0.1836
GCF_001560565.1_NG05B_CO5_01_genomic.fna.gz	0.3155	0.3174	0.1833	0.1838
GCF_001560595.1_NG05B_CO5_02_genomic.fna.gz	0.3200	0.3130	0.1844	0.1827
GCF_001560605.1_NG05B_CO5_03_genomic.fna.gz	0.3191	0.3135	0.1827	0.1847
GCF_001560635.1_NG05B_CO5_04_genomic.fna.gz	0.3155	0.3174	0.1834	0.1837
GCF_001560645.1_NG05B_CO5_05_genomic.fna.gz	0.3149	0.3179	0.1836	0.1836
GCF_001560675.1_NG05B_CO5_06_genomic.fna.gz	0.3173	0.3156	0.1842	0.1829
GCF_001560685.1_NG05B_CO5_08_genomic.fna.gz	0.3151	0.3174	0.1836	0.1839
GCF_001560715.1_NG05B_CO5_09_genomic.fna.gz	0.3148	0.3178	0.1837	0.1837
GCF_001560725.1_NG05B_CO5_10_genomic.fna.gz	0.3180	0.3149	0.1840	0.1831
GCF_001560755.1_NG05B_CO5_11_genomic.fna.gz	0.3151	0.3174	0.1836	0.1839
GCF_001560765.1_NG05B_CO5_12_genomic.fna.gz	0.3152	0.3178	0.1834	0.1836
GCF_001560795.1_NG05B_CO5_13_genomic.fna.gz	0.3174	0.3155	0.1842	0.1829
GCF_001560815.1_NG05B_CO5_14_genomic.fna.gz	0.3168	0.3162	0.1844	0.1827
GCF_001560835.1_NG05B_CO5_15_genomic.fna.gz	0.3147	0.3178	0.1838	0.1837
GCF_001560915.1_ASM156091v1_genomic.fna.gz	0.2311	0.2288	0.2696	0.2705
GCF_001563245.1_ASM156324v1_genomic.fna.gz	0.3649	0.3658	0.1346	0.1347
GCF_001571385.1_ASM157138v1_genomic.fna.gz	0.1983	0.1984	0.3016	0.3017
GCF_001571405.1_ASM157140v1_genomic.fna.gz	0.2015	0.2053	0.2963	0.2970
GCF_001577775.1_ASM157777v1_genomic.fna.gz	0.2741	0.2796	0.2163	0.2299
GCF_001592435.1_ASM159243v1_genomic.fna.gz	0.2408	0.2418	0.2586	0.2587
GCF_001593955.1_ASM159395v1_genomic.fna.gz	0.1917	0.1916	0.3073	0.3094
GCF_001602375.1_ASM160237v1_genomic.fna.gz	0.1880	0.1915	0.3101	0.3103
GCF_001625445.1_ASM162544v1_genomic.fna.gz	0.1993	0.1988	0.3010	0.3008
GCF_001639265.1_ASM163926v1_genomic.fna.gz	0.3687	0.3614	0.1337	0.1361
GCF_001639275.1_ASM163927v1_genomic.fna.gz	0.3595	0.3634	0.1354	0.1417
GCF_001639285.1_ASM163928v1_genomic.fna.gz	0.3675	0.3646	0.1303	0.1376
GCF_001639295.1_ASM163929v1_genomic.fna.gz	0.3736	0.3692	0.1287	0.1285
GCF_001647085.1_ASM164708v1_genomic.fna.gz	0.2447	0.2442	0.2542	0.2568
GCF_001647155.1_ASM164715v1_genomic.fna.gz	0.1899	0.1934	0.3085	0.3082
GCF_001663375.1_ASM166337v1_genomic.fna.gz	0.2576	0.2577	0.2421	0.2426
GCF_001719125.1_ASM171912v1_genomic.fna.gz	0.3260	0.3263	0.1739	0.1738
GCF_001723155.1_ASM172315v1_genomic.fna.gz	0.1997	0.1971	0.3011	0.3021
GCF_001729285.1_ASM172928v1_genomic.fna.gz	0.3364	0.3312	0.1675	0.1650
GCF_001729375.1_ASM172937v1_genomic.fna.gz	0.3022	0.3051	0.1969	0.1958
GCF_001729385.1_ASM172938v1_genomic.fna.gz	0.3520	0.3474	0.1480	0.1527
GCF_001729395.1_ASM172939v1_genomic.fna.gz	0.3653	0.3572	0.1385	0.1390
GCF_001729455.1_ASM172945v1_genomic.fna.gz	0.3436	0.3434	0.1566	0.1564
GCF_001729965.1_ASM172996v1_genomic.fna.gz	0.3505	0.3725	0.1401	0.1369
GCF_001748385.1_ASM174838v1_genomic.fna.gz	0.2534	0.2558	0.2459	0.2448
GCF_001767315.1_ASM176731v1_genomic.fna.gz	0.1812	0.1812	0.3187	0.3189
GCF_001861355.1_ASM186135v1_genomic.fna.gz	0.1931	0.1922	0.3076	0.3071
GCF_001886955.1_ASM188695v1_genomic.fna.gz	0.1823	0.1815	0.3181	0.3181
GCF_001888095.1_ASM188809v1_genomic.fna.gz	0.2911	0.2883	0.2108	0.2098
GCF_001889405.1_ASM188940v1_genomic.fna.gz	0.2915	0.2845	0.2116	0.2124
GCF_001950595.1_ASM195059v1_genomic.fna.gz	0.1730	0.1734	0.3270	0.3267
GCF_001953745.1_ASM195374v1_genomic.fna.gz	0.1725	0.1749	0.3268	0.3257
GCF_001971705.1_ASM197170v1_genomic.fna.gz	0.1937	0.1928	0.3064	0.3071
GCF_001989615.1_ASM198961v1_genomic.fna.gz	0.1720	0.1721	0.3272	0.3286
GCF_002025255.1_ASM202525v1_genomic.fna.gz	0.1658	0.1667	0.3338	0.3338
GCF_002072215.1_ASM207221v1_genomic.fna.gz	0.3789	0.3666	0.1331	0.1213
GCF_002077075.1_ASM207707v1_genomic.fna.gz	0.2705	0.2675	0.2306	0.2313
GCF_002078205.1_ASM207820v1_genomic.fna.gz	0.1948	0.1962	0.3038	0.3052
GCF_002078355.1_ASM207835v1_genomic.fna.gz	0.3192	0.3159	0.1813	0.1837
GCF_002114285.1_ASM211428v1_genomic.fna.gz	0.1665	0.1676	0.3332	0.3327
GCF_002135005.1_ASM213500v1_genomic.fna.gz	0.1496	0.1493	0.3506	0.3505
GCF_002135045.1_ASM213504v1_genomic.fna.gz	0.1559	0.1541	0.3446	0.3454
GCF_002153915.1_ASM215391v1_genomic.fna.gz	0.3002	0.3208	0.1903	0.1887
GCF_002156705.1_ASM215670v1_genomic.fna.gz	0.1789	0.1800	0.3202	0.3209
GCF_002156965.1_ASM215696v1_genomic.fna.gz	0.3415	0.3441	0.1587	0.1557
GCF_002177135.1_ASM217713v1_genomic.fna.gz	0.1986	0.1994	0.3015	0.3005
GCF_002194565.1_Pdsh-A1.0_genomic.fna.gz	0.2315	0.2297	0.2679	0.2708
GCF_002197185.1_ASM219718v1_genomic.fna.gz	0.2201	0.2230	0.2785	0.2783
GCF_002201915.1_ASM220191v1_genomic.fna.gz	0.2119	0.2113	0.2880	0.2887
GCF_002208625.1_ASM220862v1_genomic.fna.gz	0.3784	0.3775	0.1216	0.1225
GCF_002214165.1_ASM221416v1_genomic.fna.gz	0.3102	0.2962	0.1949	0.1986
GCF_002214365.1_ASM221436v1_genomic.fna.gz	0.2183	0.2172	0.2821	0.2823
GCF_002214385.1_ASM221438v1_genomic.fna.gz	0.2440	0.2394	0.2573	0.2594
GCF_002214465.1_ASM221446v1_genomic.fna.gz	0.2268	0.2263	0.2728	0.2741
GCF_002214485.1_ASM221448v1_genomic.fna.gz	0.2287	0.2289	0.2706	0.2718
GCF_002214505.1_ASM221450v1_genomic.fna.gz	0.2233	0.2268	0.2752	0.2748
GCF_002214525.1_ASM221452v1_genomic.fna.gz	0.2270	0.2242	0.2724	0.2764
GCF_002214545.1_ASM221454v1_genomic.fna.gz	0.2325	0.2330	0.2674	0.2672
GCF_002214565.1_ASM221456v1_genomic.fna.gz	0.2223	0.2217	0.2787	0.2773
GCF_002214585.1_ASM221458v1_genomic.fna.gz	0.2356	0.2335	0.2650	0.2659
GCF_002214605.1_ASM221460v1_genomic.fna.gz	0.2769	0.2739	0.2234	0.2258
GCF_002215285.1_ASM221528v1_genomic.fna.gz	0.1736	0.1725	0.3267	0.3271
GCF_002215305.1_ASM221530v1_genomic.fna.gz	0.1770	0.1794	0.3218	0.3219
GCF_002215405.1_ASM221540v1_genomic.fna.gz	0.3146	0.3179	0.1839	0.1836
GCF_002215445.1_ASM221544v1_genomic.fna.gz	0.3148	0.3178	0.1838	0.1836
GCF_002215485.1_ASM221548v1_genomic.fna.gz	0.3147	0.3177	0.1839	0.1837
GCF_002215525.1_ASM221552v1_genomic.fna.gz	0.3150	0.3180	0.1836	0.1833
GCF_002215565.1_ASM221556v1_genomic.fna.gz	0.3155	0.3174	0.1833	0.1838
GCF_002243045.1_ASM224304v1_genomic.fna.gz	0.2920	0.2947	0.2095	0.2037
GCF_002252585.1_ASM225258v1_genomic.fna.gz	0.3514	0.3456	0.1566	0.1463
GCF_002252725.1_ASM225272v1_genomic.fna.gz	0.1680	0.1681	0.3312	0.3327
GCF_002252735.1_ASM225273v1_genomic.fna.gz	0.1692	0.1702	0.3299	0.3308
GCF_002252745.1_ASM225274v1_genomic.fna.gz	0.1619	0.1628	0.3375	0.3377
GCF_002252755.1_ASM225275v1_genomic.fna.gz	0.1627	0.1611	0.3377	0.3385
GCF_002252805.1_ASM225280v1_genomic.fna.gz	0.1614	0.1612	0.3380	0.3394
GCF_002252815.1_ASM225281v1_genomic.fna.gz	0.1612	0.1611	0.3386	0.3391
GCF_002252835.1_ASM225283v1_genomic.fna.gz	0.1647	0.1648	0.3367	0.3338
GCF_002252865.1_ASM225286v1_genomic.fna.gz	0.1549	0.1523	0.3469	0.3459
GCF_002252875.1_ASM225287v1_genomic.fna.gz	0.1612	0.1621	0.3378	0.3390
GCF_002252895.1_ASM225289v1_genomic.fna.gz	0.1620	0.1621	0.3389	0.3370
GCF_002252925.1_ASM225292v1_genomic.fna.gz	0.1615	0.1620	0.3386	0.3379
GCF_002252965.1_ASM225296v1_genomic.fna.gz	0.1648	0.1647	0.3358	0.3348
GCF_002252985.1_ASM225298v1_genomic.fna.gz	0.1606	0.1628	0.3375	0.3390
GCF_002286985.1_ASM228698v1_genomic.fna.gz	0.1638	0.1622	0.3360	0.3380
GCF_002287175.1_ASM228717v1_genomic.fna.gz	0.3344	0.3337	0.1634	0.1685
GCF_002287195.1_ASM228719v1_genomic.fna.gz	0.3560	0.3638	0.1402	0.1400
GCF_002287215.1_ASM228721v1_genomic.fna.gz	0.2412	0.2446	0.2569	0.2574
GCF_002287235.1_ASM228723v1_genomic.fna.gz	0.3059	0.3066	0.1934	0.1941
GCF_002355635.1_ASM235563v1_genomic.fna.gz	0.1699	0.1704	0.3302	0.3294
GCF_002355655.1_ASM235565v1_genomic.fna.gz	0.1575	0.1563	0.3440	0.3423
GCF_002379115.1_ASM237911v1_genomic.fna.gz	0.1678	0.1674	0.3328	0.3320
GCF_002487355.1_ASM248735v1_genomic.fna.gz	0.2997	0.2977	0.2001	0.2026
GCF_002494345.1_ASM249434v1_genomic.fna.gz	0.1798	0.1816	0.3196	0.3191
GCF_002572525.1_ASM257252v1_genomic.fna.gz	0.1885	0.1889	0.3110	0.3116
GCF_002727095.1_ASM272709v1_genomic.fna.gz	0.1701	0.1694	0.3302	0.3303
GCF_002727125.1_ASM272712v1_genomic.fna.gz	0.1719	0.1692	0.3290	0.3299
GCF_002787055.1_ASM278705v1_genomic.fna.gz	0.2861	0.2921	0.2099	0.2119
GCF_002788215.1_ASM278821v1_genomic.fna.gz	0.2071	0.2042	0.2944	0.2943
GCF_002813085.1_ASM281308v1_genomic.fna.gz	0.3426	0.3459	0.1573	0.1543
GCF_002813655.1_ASM281365v1_genomic.fna.gz	0.3049	0.3008	0.1970	0.1972
GCF_002813675.1_ASM281367v1_genomic.fna.gz	0.3006	0.3055	0.1975	0.1963
GCF_002813695.1_ASM281369v1_genomic.fna.gz	0.3014	0.3046	0.1967	0.1973
GCF_900003505.1_ASM90000350v1_genomic.fna.gz	0.1677	0.1677	0.3321	0.3325
GCF_900003515.1_ASM90000351v1_genomic.fna.gz	0.1675	0.1680	0.3318	0.3328
GCF_900003525.1_ASM90000352v1_genomic.fna.gz	0.1676	0.1679	0.3325	0.3320
GCF_900003565.1_ASM90000356v1_genomic.fna.gz	0.1679	0.1676	0.3317	0.3328
GCF_900003575.1_ASM90000357v1_genomic.fna.gz	0.1681	0.1674	0.3326	0.3320
GCF_900004275.1_ASM90000427v1_genomic.fna.gz	0.1685	0.1670	0.3326	0.3319
GCF_900005775.1_ASM90000577v1_genomic.fna.gz	0.1675	0.1680	0.3325	0.3320
GCF_900012635.1_Pyrococcus_chitonophagus_genome_sequence_genomic.fna.gz	0.2763	0.2745	0.2297	0.2195
GCF_900036045.1_Methanoculleus_sp_MAB1_genomic.fna.gz	0.1967	0.2007	0.3002	0.3023
GCF_900064395.1_ASM90006439v1_genomic.fna.gz	0.2823	0.2857	0.2153	0.2167
GCF_900069765.1_ASM90006976v1_genomic.fna.gz	0.2573	0.2552	0.2428	0.2447
GCF_900079115.1_SSOP1_genomic.fna.gz	0.3193	0.3223	0.1788	0.1796
GCF_900079125.1_MBBA_genomic.fna.gz	0.1939	0.1972	0.3048	0.3041
GCF_900090055.1_C.divulgatum_PM4_genomic.fna.gz	0.3137	0.3147	0.1865	0.1851
GCF_900095295.1_MCBB_genomic.fna.gz	0.3073	0.3078	0.1922	0.1927
GCF_900095385.1_L21_genomic.fna.gz	0.1915	0.1902	0.3105	0.3079
GCF_900095815.1_SIV6_genomic.fna.gz	0.2554	0.2557	0.2440	0.2449
GCF_900100335.1_IMG-taxon_2636416021_annotated_assembly_genomic.fna.gz	0.1829	0.1816	0.3180	0.3176
GCF_900100385.1_IMG-taxon_2651870124_annotated_assembly_genomic.fna.gz	0.1948	0.1944	0.3053	0.3055
GCF_900100715.1_IMG-taxon_2642422561_annotated_assembly_genomic.fna.gz	0.3024	0.2950	0.2011	0.2015
GCF_900100875.1_IMG-taxon_2671180169_annotated_assembly_genomic.fna.gz	0.1710	0.1718	0.3286	0.3285
GCF_900102305.1_IMG-taxon_2651870125_annotated_assembly_genomic.fna.gz	0.1743	0.1755	0.3257	0.3245
GCF_900103505.1_IMG-taxon_2651870127_annotated_assembly_genomic.fna.gz	0.1647	0.1622	0.3369	0.3362
GCF_900103715.1_IMG-taxon_2617270902_annotated_assembly_genomic.fna.gz	0.1742	0.1744	0.3256	0.3258
GCF_900104065.1_IMG-taxon_2636416047_annotated_assembly_genomic.fna.gz	0.1838	0.1875	0.3145	0.3142
GCF_900106715.1_IMG-taxon_2693429892_annotated_assembly_genomic.fna.gz	0.1913	0.1908	0.3091	0.3088
GCF_900106905.1_IMG-taxon_2642422606_annotated_assembly_genomic.fna.gz	0.2947	0.2809	0.2122	0.2122
GCF_900107195.1_IMG-taxon_2617270777_annotated_assembly_genomic.fna.gz	0.1796	0.1793	0.3211	0.3201
GCF_900107205.1_IMG-taxon_2654587885_annotated_assembly_genomic.fna.gz	0.1718	0.1733	0.3275	0.3274
GCF_900107665.1_IMG-taxon_2617270898_annotated_assembly_genomic.fna.gz	0.1740	0.1749	0.3259	0.3252
GCF_900108095.1_IMG-taxon_2617270925_annotated_assembly_genomic.fna.gz	0.1951	0.1939	0.3052	0.3059
GCF_900108505.1_IMG-taxon_2651870118_annotated_assembly_genomic.fna.gz	0.1779	0.1773	0.3232	0.3216
GCF_900109065.1_IMG-taxon_2693429898_annotated_assembly_genomic.fna.gz	0.2041	0.2079	0.2943	0.2938
GCF_900109425.1_IMG-taxon_2654588132_annotated_assembly_genomic.fna.gz	0.2357	0.2297	0.2675	0.2670
GCF_900109595.1_IMG-taxon_2654588138_annotated_assembly_genomic.fna.gz	0.3470	0.3506	0.1496	0.1528
GCF_900109695.1_IMG-taxon_2639762639_annotated_assembly_genomic.fna.gz	0.1922	0.1915	0.3079	0.3084
GCF_900110215.1_IMG-taxon_2654588107_annotated_assembly_genomic.fna.gz	0.1830	0.1824	0.3170	0.3176
GCF_900110455.1_IMG-taxon_2671180170_annotated_assembly_genomic.fna.gz	0.1726	0.1729	0.3273	0.3271
GCF_900110465.1_IMG-taxon_2617270928_annotated_assembly_genomic.fna.gz	0.1853	0.1855	0.3141	0.3151
GCF_900110535.1_IMG-taxon_2617270915_annotated_assembly_genomic.fna.gz	0.1604	0.1603	0.3397	0.3396
GCF_900110865.1_IMG-taxon_2639762573_annotated_assembly_genomic.fna.gz	0.1753	0.1749	0.3251	0.3247
GCF_900111485.1_IMG-taxon_2642422550_annotated_assembly_genomic.fna.gz	0.1944	0.1952	0.3052	0.3052
GCF_900111645.1_IMG-taxon_2642422537_annotated_assembly_genomic.fna.gz	0.2722	0.2934	0.2140	0.2205
GCF_900111935.1_IMG-taxon_2617270732_annotated_assembly_genomic.fna.gz	0.1543	0.1554	0.3478	0.3424
GCF_900112175.1_IMG-taxon_2617270920_annotated_assembly_genomic.fna.gz	0.1617	0.1618	0.3383	0.3382
GCF_900112205.1_IMG-taxon_2693429869_annotated_assembly_genomic.fna.gz	0.1728	0.1728	0.3270	0.3273
GCF_900113245.1_IMG-taxon_2617270917_annotated_assembly_genomic.fna.gz	0.1759	0.1739	0.3255	0.3247
GCF_900114025.1_IMG-taxon_2693429900_annotated_assembly_genomic.fna.gz	0.1871	0.1896	0.3118	0.3114
GCF_900114435.1_IMG-taxon_2667527389_annotated_assembly_genomic.fna.gz	0.1680	0.1697	0.3311	0.3311
GCF_900114455.1_IMG-taxon_2619618990_annotated_assembly_genomic.fna.gz	0.1886	0.1894	0.3107	0.3113
GCF_900114585.1_IMG-taxon_2593339150_annotated_assembly_genomic.fna.gz	0.3701	0.3618	0.1363	0.1318
GCF_900114835.1_IMG-taxon_2642422540_annotated_assembly_genomic.fna.gz	0.2877	0.2865	0.2133	0.2126
GCF_900115675.1_IMG-taxon_2663762745_annotated_assembly_genomic.fna.gz	0.1643	0.1648	0.3358	0.3351
GCF_900115785.1_IMG-taxon_2617270895_annotated_assembly_genomic.fna.gz	0.1697	0.1718	0.3302	0.3283
GCF_900116205.1_IMG-taxon_2639762563_annotated_assembly_genomic.fna.gz	0.1935	0.1920	0.3069	0.3076
GCF_900129775.1_IMG-taxon_2695420988_annotated_assembly_genomic.fna.gz	0.1559	0.1585	0.3431	0.3424
GCF_900142335.1_IMG-taxon_2698536698_annotated_assembly_genomic.fna.gz	0.1920	0.1898	0.3078	0.3104
GCF_900156425.1_IMG-taxon_2681812914_annotated_assembly_genomic.fna.gz	0.2160	0.2141	0.2849	0.2850
GCF_900156445.1_IMG-taxon_2681812915_annotated_assembly_genomic.fna.gz	0.1939	0.1925	0.3062	0.3074
GCF_900156475.1_IMG-taxon_2681812919_annotated_assembly_genomic.fna.gz	0.1948	0.1957	0.3054	0.3041
GCF_900176435.1_IMG-taxon_2579779151_annotated_assembly_genomic.fna.gz	0.3190	0.3212	0.1792	0.1806
GCF_900177455.1_IMG-taxon_2706794887_annotated_assembly_genomic.fna.gz	0.2997	0.2808	0.2134	0.2060
GCF_900188065.1_IMG-taxon_2724679803_annotated_assembly_genomic.fna.gz	0.1846	0.1864	0.3141	0.3149
GCF_900188075.1_IMG-taxon_2724679704_annotated_assembly_genomic.fna.gz	0.1681	0.1676	0.3305	0.3337
GCF_900196725.1_MNV_PRJEB20370_wgs_genomic.fna.gz	0.2791	0.2801	0.2205	0.2203
GCF_900198835.1_chr_EXT12c_genomic.fna.gz	0.2276	0.2267	0.2726	0.2732
GCF_900215215.1_IMG-taxon_2703719067_annotated_assembly_genomic.fna.gz	0.2891	0.2897	0.2118	0.2094
GCF_900215575.1_IMG-taxon_2728369221_annotated_assembly_genomic.fna.gz	0.1737	0.1747	0.3267	0.3249
