GCF_000001985.1_JCVI-PMFA1-2.0_genomic.fna.gz	0.2666	0.2667	0.2335	0.2331
GCF_000002495.2_MG8_genomic.fna.gz	0.2418	0.2421	0.2578	0.2582
GCF_000002515.2_ASM251v1_genomic.fna.gz	0.3064	0.3064	0.1939	0.1933
GCF_000002525.2_ASM252v1_genomic.fna.gz	0.2552	0.2549	0.2451	0.2448
GCF_000002545.3_ASM254v2_genomic.fna.gz	0.3067	0.3071	0.1934	0.1928
GCF_000002655.1_ASM265v1_genomic.fna.gz	0.2512	0.2508	0.2488	0.2492
GCF_000002715.2_ASM271v1_genomic.fna.gz	0.2540	0.2539	0.2460	0.2461
GCF_000002855.3_ASM285v2_genomic.fna.gz	0.2484	0.2481	0.2515	0.2520
GCF_000002945.1_ASM294v2_genomic.fna.gz	0.3195	0.3200	0.1802	0.1803
GCF_000003125.1_JCVI-TSTA1-3.0_genomic.fna.gz	0.2695	0.2699	0.2303	0.2304
GCF_000003515.1_ASM351v2_genomic.fna.gz	0.2570	0.2564	0.2434	0.2432
GCF_000003835.1_ASM383v1_genomic.fna.gz	0.2770	0.2780	0.2225	0.2225
GCF_000003855.2_ASM385v2_genomic.fna.gz	0.3213	0.3212	0.1788	0.1787
GCF_000004155.1_SCY4_genomic.fna.gz	0.3124	0.3109	0.1886	0.1881
GCF_000006255.1_Postia_placenta_V1.0_genomic.fna.gz	0.2309	0.2308	0.2689	0.2693
GCF_000006275.2_JCVI-afl1-v2.0_genomic.fna.gz	0.2587	0.2583	0.2417	0.2413
GCF_000006335.2_ASM633v2_genomic.fna.gz	0.3343	0.3342	0.1652	0.1663
GCF_000006445.2_ASM644v2_genomic.fna.gz	0.3185	0.3182	0.1815	0.1817
GCF_000026365.1_ASM2636v1_genomic.fna.gz	0.3043	0.3044	0.1957	0.1956
GCF_000026945.1_ASM2694v1_genomic.fna.gz	0.3338	0.3337	0.1661	0.1664
GCF_000027005.1_ASM2700v1_genomic.fna.gz	0.2939	0.2948	0.2058	0.2056
GCF_000091025.4_ASM9102v4_genomic.fna.gz	0.2417	0.2413	0.2591	0.2580
GCF_000091045.1_ASM9104v1_genomic.fna.gz	0.2572	0.2573	0.2425	0.2429
GCF_000091225.1_ASM9122v1_genomic.fna.gz	0.2639	0.2630	0.2353	0.2378
GCF_000142805.1_ASM14280v1_genomic.fna.gz	0.2637	0.2634	0.2367	0.2362
GCF_000143105.1_Sanger-454-IlluminaPA_2.0_genomic.fna.gz	0.2333	0.2331	0.2668	0.2668
GCF_000143185.1_v1.0_genomic.fna.gz	0.2128	0.2122	0.2871	0.2879
GCF_000143365.1_ASM14336v1_genomic.fna.gz	0.2223	0.2221	0.2779	0.2777
GCF_000143535.1_BotFuc_Aug2005_genomic.fna.gz	0.2852	0.2844	0.2151	0.2153
GCF_000143565.1_V1.0_genomic.fna.gz	0.2648	0.2656	0.2351	0.2346
GCF_000145635.1_Gae_graminis_V2_genomic.fna.gz	0.2159	0.2162	0.2836	0.2843
GCF_000146045.2_R64_genomic.fna.gz	0.3098	0.3087	0.1909	0.1906
GCF_000146465.1_ASM14646v1_genomic.fna.gz	0.2934	0.2914	0.2053	0.2099
GCF_000146915.1_ASM14691v2_genomic.fna.gz	0.2477	0.2480	0.2518	0.2525
GCF_000146945.1_ASM14694v1_genomic.fna.gz	0.2909	0.2912	0.2089	0.2090
GCF_000146945.2_ASM14694v2_genomic.fna.gz	0.2908	0.2912	0.2089	0.2092
GCF_000149035.1_C_graminicola_M1_001_V1_genomic.fna.gz	0.2542	0.2547	0.2455	0.2456
GCF_000149205.1_ASM14920v1_genomic.fna.gz	0.2483	0.2485	0.2518	0.2515
GCF_000149245.1_CNA3_genomic.fna.gz	0.2589	0.2590	0.2411	0.2410
GCF_000149335.1_ASM14933v1_genomic.fna.gz	0.2701	0.2702	0.2297	0.2300
GCF_000149335.2_ASM14933v2_genomic.fna.gz	0.2700	0.2704	0.2298	0.2298
GCF_000149385.1_ASM14938v1_genomic.fna.gz	0.2574	0.2579	0.2424	0.2424
GCF_000149425.1_ASM14942v1_genomic.fna.gz	0.2815	0.2809	0.2193	0.2183
GCF_000149555.1_ASM14955v1_genomic.fna.gz	0.2567	0.2565	0.2433	0.2435
GCF_000149585.1_ASM14958v1_genomic.fna.gz	0.2691	0.2696	0.2306	0.2307
GCF_000149615.1_ASM14961v1_genomic.fna.gz	0.2355	0.2358	0.2648	0.2639
GCF_000149645.1_ASM14964v1_genomic.fna.gz	0.2521	0.2524	0.2480	0.2475
GCF_000149685.1_ASM14968v1_genomic.fna.gz	0.3146	0.3160	0.1852	0.1843
GCF_000149845.1_ASM14984v1_genomic.fna.gz	0.2814	0.2820	0.2177	0.2190
GCF_000149845.2_SJ5_genomic.fna.gz	0.2811	0.2810	0.2191	0.2188
GCF_000149925.1_ASM14992v1_genomic.fna.gz	0.2831	0.2834	0.2168	0.2167
GCF_000149955.1_ASM14995v2_genomic.fna.gz	0.2580	0.2580	0.2419	0.2421
GCF_000149985.1_ASM14998v1_genomic.fna.gz	0.2453	0.2458	0.2542	0.2547
GCF_000150035.1_ASM15003v1_genomic.fna.gz	0.3350	0.3348	0.1656	0.1646
GCF_000150505.1_SO6_genomic.fna.gz	0.3121	0.3124	0.1879	0.1876
GCF_000150675.1_ASM15067v2_genomic.fna.gz	0.2209	0.2213	0.2793	0.2786
GCF_000150705.1_ASM15070v1_genomic.fna.gz	0.2860	0.2861	0.2138	0.2142
GCF_000150705.2_Paracocci_br_Pb01_V2_genomic.fna.gz	0.2859	0.2859	0.2139	0.2143
GCF_000150735.1_Paracocci_br_Pb18_V2_genomic.fna.gz	0.2781	0.2784	0.2219	0.2216
GCF_000150825.1_ASM15082v1_genomic.fna.gz	0.2196	0.2201	0.2806	0.2797
GCF_000150975.2_MS_CBS118893_genomic.fna.gz	0.2578	0.2577	0.2421	0.2424
GCF_000151125.1_ASM15112v2_genomic.fna.gz	0.2564	0.2561	0.2437	0.2438
GCF_000151145.1_ASM15114v1_genomic.fna.gz	0.2626	0.2624	0.2373	0.2377
GCF_000151335.1_JCVI-cpa1-1.0_genomic.fna.gz	0.2672	0.2669	0.2329	0.2330
GCF_000151355.1_v2.0_genomic.fna.gz	0.2461	0.2461	0.2540	0.2539
GCF_000151425.1_ASM15142v1_genomic.fna.gz	0.2586	0.2586	0.2412	0.2416
GCF_000151505.1_ASM15150v1_genomic.fna.gz	0.2586	0.2589	0.2411	0.2413
GCF_000151645.1_ASM15164v1_genomic.fna.gz	0.2757	0.2757	0.2244	0.2242
GCF_000166005.1_PyrTer_1.0_genomic.fna.gz	0.2456	0.2452	0.2546	0.2545
GCF_000167675.1_v2.0_genomic.fna.gz	0.2360	0.2357	0.2643	0.2639
GCF_000170995.1_TRIVI_v2.0_genomic.fna.gz	0.2537	0.2538	0.2464	0.2461
GCF_000171015.1_TRIAT_v2.0_genomic.fna.gz	0.2514	0.2512	0.2487	0.2487
GCF_000181695.1_ASM18169v1_genomic.fna.gz	0.2395	0.2399	0.2611	0.2595
GCF_000182565.1_S_punctatus_V1_genomic.fna.gz	0.2621	0.2618	0.2377	0.2383
GCF_000182805.1_ASM18280v1_genomic.fna.gz	0.2374	0.2370	0.2626	0.2630
GCF_000182895.1_CC3_genomic.fna.gz	0.2420	0.2416	0.2580	0.2584
GCF_000182925.1_ASM18292v1_genomic.fna.gz	0.2535	0.2536	0.2466	0.2463
GCF_000182925.2_NC12_genomic.fna.gz	0.2588	0.2589	0.2411	0.2413
GCF_000182965.2_ASM18296v2_genomic.fna.gz	0.3325	0.3331	0.1671	0.1673
GCF_000182965.3_ASM18296v3_genomic.fna.gz	0.3329	0.3326	0.1673	0.1672
GCF_000182985.1_ASM18298v1_genomic.fna.gz	0.3742	0.3731	0.1262	0.1265
GCF_000183025.1_ASM18302v1_genomic.fna.gz	0.2644	0.2582	0.2373	0.2401
GCF_000184105.1_Geom_destructans_V1_genomic.fna.gz	0.2486	0.2502	0.2507	0.2505
GCF_000184455.1_ASM18445v1_genomic.fna.gz	0.2589	0.2587	0.2413	0.2411
GCF_000184455.2_ASM18445v3_genomic.fna.gz	0.2589	0.2587	0.2412	0.2412
GCF_000185945.1_ASM18594v1_genomic.fna.gz	0.2605	0.2607	0.2386	0.2402
GCF_000187245.1_Hansenula_2_genomic.fna.gz	0.2604	0.2610	0.2395	0.2391
GCF_000187405.1_MetAcr_May2010_genomic.fna.gz	0.2505	0.2504	0.2497	0.2495
GCF_000187425.1_MetAni_May2010_genomic.fna.gz	0.2423	0.2428	0.2575	0.2575
GCF_000187425.2_MAA_2.0_genomic.fna.gz	0.2425	0.2423	0.2576	0.2575
GCF_000192795.1_Vavr_culi_floridensis_V1_genomic.fna.gz	0.3015	0.3010	0.1986	0.1988
GCF_000203795.1_v1.0_genomic.fna.gz	0.3040	0.3034	0.1964	0.1962
GCF_000204055.1_v1.0_genomic.fna.gz	0.2946	0.2953	0.2052	0.2048
GCF_000209165.1_ASM20916v1_genomic.fna.gz	0.2946	0.2940	0.2055	0.2059
GCF_000209485.1_ASM20948v1_genomic.fna.gz	0.3315	0.3314	0.1688	0.1682
GCF_000213175.1_v2.0_genomic.fna.gz	0.2529	0.2529	0.2470	0.2472
GCF_000218685.1_v1.0_genomic.fna.gz	0.2732	0.2736	0.2267	0.2265
GCF_000219625.1_MYCGR_v2.0_genomic.fna.gz	0.2390	0.2396	0.2608	0.2605
GCF_000221225.1_CTHT_3.0_genomic.fna.gz	0.2369	0.2372	0.2631	0.2629
GCF_000223465.1_Candida_tenuis_v1.0_genomic.fna.gz	0.2850	0.2857	0.2146	0.2146
GCF_000223485.1_Spathaspora_passalidarum_v2.0_genomic.fna.gz	0.3128	0.3135	0.1872	0.1866
GCF_000225545.1_AOL24927_1.0_genomic.fna.gz	0.2773	0.2782	0.2224	0.2221
GCF_000225605.1_CmilitarisCM01_v01_genomic.fna.gz	0.2426	0.2432	0.2570	0.2571
GCF_000226095.1_ASM22609v1_genomic.fna.gz	0.2429	0.2425	0.2571	0.2574
GCF_000226115.1_ASM22611v1_genomic.fna.gz	0.2265	0.2264	0.2736	0.2735
GCF_000226395.1_PenChr_Nov2007_genomic.fna.gz	0.2551	0.2553	0.2447	0.2449
GCF_000226545.1_ASM22654v1_genomic.fna.gz	0.2389	0.2387	0.2612	0.2611
GCF_000227115.2_ASM22711v2_genomic.fna.gz	0.3289	0.3297	0.1710	0.1704
GCF_000230375.1_ASM23037v1_genomic.fna.gz	0.2741	0.2741	0.2260	0.2258
GCF_000230625.1_Exop_derm_V1_genomic.fna.gz	0.2425	0.2425	0.2576	0.2575
GCF_000231115.1_Vitt_corn_V1_genomic.fna.gz	0.3169	0.3183	0.1834	0.1813
GCF_000235365.1_ASM23536v1_genomic.fna.gz	0.2980	0.2988	0.2014	0.2018
GCF_000236905.1_ASM23690v1_genomic.fna.gz	0.3321	0.3323	0.1677	0.1679
GCF_000237345.1_ASM23734v1_genomic.fna.gz	0.3163	0.3160	0.1835	0.1841
GCF_000240135.2_ASM24013v1_genomic.fna.gz	0.2586	0.2582	0.2415	0.2417
GCF_000240135.3_ASM24013v3_genomic.fna.gz	0.2584	0.2583	0.2418	0.2415
GCF_000243375.1_ASM24337v1_genomic.fna.gz	0.2900	0.2898	0.2106	0.2096
GCF_000250985.1_Nema_parisii_ERTm1_V3_genomic.fna.gz	0.3288	0.3270	0.1732	0.1711
GCF_000263375.1_Wallemia_sebi_v1.0_genomic.fna.gz	0.3004	0.2995	0.2001	0.2000
GCF_000264905.1_Stehi1_genomic.fna.gz	0.2434	0.2435	0.2564	0.2567
GCF_000264995.1_Punctularia_strigosozonata_v1.0_genomic.fna.gz	0.2241	0.2243	0.2761	0.2754
GCF_000265015.1_Auricularia_subglabra_SS-5_V1.0_genomic.fna.gz	0.2070	0.2068	0.2929	0.2934
GCF_000271585.1_Trametes_versicolor_v1.0_genomic.fna.gz	0.2115	0.2116	0.2883	0.2886
GCF_000271605.1_Fomme1_genomic.fna.gz	0.2955	0.2961	0.2038	0.2045
GCF_000271625.1_Conpu1_genomic.fna.gz	0.2380	0.2381	0.2619	0.2621
GCF_000271645.1_Treme1_genomic.fna.gz	0.2662	0.2664	0.2341	0.2332
GCF_000275845.1_Dichomitus_squalens_v1.0_genomic.fna.gz	0.2222	0.2222	0.2777	0.2779
GCF_000277815.2_ASM27781v3_genomic.fna.gz	0.2844	0.2819	0.2138	0.2199
GCF_000280035.1_ASM28003v2_genomic.fna.gz	0.2993	0.2972	0.1990	0.2046
GCF_000280675.1_ASM28067v1_genomic.fna.gz	0.2423	0.2426	0.2575	0.2576
GCF_000281105.1_Coni_apol_CBS100218_V1_genomic.fna.gz	0.2391	0.2396	0.2606	0.2607
GCF_000292725.1_SacArb1.0_genomic.fna.gz	0.3069	0.3064	0.1935	0.1933
GCF_000293215.1_Trichosporon_asahii_1_genomic.fna.gz	0.2022	0.2020	0.2976	0.2982
GCF_000298775.1_ASM29877v1_genomic.fna.gz	0.2855	0.2853	0.2146	0.2146
GCF_000300555.1_Agabi_varbur_1_genomic.fna.gz	0.2673	0.2668	0.2327	0.2332
GCF_000300575.1_Agabi_varbisH97_2_genomic.fna.gz	0.2674	0.2678	0.2325	0.2323
GCF_000300595.1_Phanerochaete_carnosa_HHB-10118-Sp_v1.0_genomic.fna.gz	0.2344	0.2341	0.2657	0.2657
GCF_000303195.1_FP7_genomic.fna.gz	0.2610	0.2613	0.2390	0.2387
GCF_000303195.2_FP7_genomic.fna.gz	0.2612	0.2610	0.2388	0.2389
GCF_000304475.1_Ka_CBS2517_genomic.fna.gz	0.3183	0.3187	0.1816	0.1813
GCF_000313485.1_ASM31348v1_genomic.fna.gz	0.3478	0.3483	0.1519	0.1520
GCF_000313525.1_ASM31352v1_genomic.fna.gz	0.2445	0.2438	0.2558	0.2558
GCF_000315645.1_PdigPd1_v1_genomic.fna.gz	0.2551	0.2555	0.2448	0.2445
GCF_000315875.1_ASM31587v1_genomic.fna.gz	0.3130	0.3124	0.1872	0.1874
GCF_000315895.1_ASM31589v1_genomic.fna.gz	0.2932	0.2931	0.2069	0.2067
GCF_000315915.1_ASM31591v1_genomic.fna.gz	0.3408	0.3418	0.1586	0.1588
GCF_000319635.1_Colletotrichum_gloeosporioides_Nara_gc-5_genomic.fna.gz	0.2322	0.2320	0.2675	0.2682
GCF_000320565.1_Septoria_musiva_SO2202_v1.0_genomic.fna.gz	0.2439	0.2448	0.2556	0.2557
GCF_000320585.1_Heterobasidion_irregulare_v2.0_genomic.fna.gz	0.2388	0.2390	0.2609	0.2614
GCF_000320785.1_RHOziaDV1.0_genomic.fna.gz	0.1900	0.1896	0.3097	0.3108
GCF_000328475.1_ASM32847v1_genomic.fna.gz	0.2299	0.2304	0.2699	0.2698
GCF_000328475.2_Umaydis521_2.0_genomic.fna.gz	0.2296	0.2301	0.2702	0.2701
GCF_000338955.1_Bauco1_genomic.fna.gz	0.2263	0.2259	0.2738	0.2741
GCF_000338995.1_Cocsa1_genomic.fna.gz	0.2505	0.2511	0.2490	0.2494
GCF_000340215.1_Mycfi2_genomic.fna.gz	0.2740	0.2743	0.2260	0.2257
GCF_000344685.1_Glotr1_1_genomic.fna.gz	0.2337	0.2339	0.2662	0.2662
GCF_000348985.1_ASM34898v1_genomic.fna.gz	0.2707	0.2705	0.2289	0.2300
GCF_000349005.1_Pneumo_murina_B123_V2_genomic.fna.gz	0.3660	0.3649	0.1343	0.1348
GCF_000349005.2_Pneumo_murina_B123_V4_genomic.fna.gz	0.3657	0.3646	0.1345	0.1351
GCF_000349305.1_ASM34930v2_genomic.fna.gz	0.2049	0.2043	0.2953	0.2956
GCF_000349385.1_UCREL1V03_genomic.fna.gz	0.2671	0.2671	0.2329	0.2328
GCF_000354255.1_CocheC4_1_genomic.fna.gz	0.2465	0.2462	0.2537	0.2536
GCF_000359705.1_Setospaeria_trucica_Et28A_v1.0_genomic.fna.gz	0.2423	0.2433	0.2572	0.2572
GCF_000365145.1_Phia_euro_CBS_101466_V1_genomic.fna.gz	0.2301	0.2296	0.2700	0.2702
GCF_000365165.1_Clad_carr_CBS_160_54_V1_genomic.fna.gz	0.2288	0.2285	0.2712	0.2715
GCF_000385595.1_UCRNP2V3_genomic.fna.gz	0.2164	0.2160	0.2840	0.2837
GCF_000392275.1_UCRPA7V03_genomic.fna.gz	0.2516	0.2518	0.2484	0.2482
GCF_000400465.1_Wallemia_ichthyophaga_version_1.0_genomic.fna.gz	0.2725	0.2741	0.2268	0.2267
GCF_000403515.1_ASM40351v1_genomic.fna.gz	0.2172	0.2177	0.2825	0.2826
GCF_000409485.1_GLAREA_genomic.fna.gz	0.2707	0.2711	0.2287	0.2295
GCF_000417875.1_Pflocc_1.0_genomic.fna.gz	0.1737	0.1737	0.3256	0.3270
GCF_000441935.1_MHA_v2_genomic.fna.gz	0.2736	0.2738	0.2265	0.2261
GCF_000464535.1_EPUS_genomic.fna.gz	0.2701	0.2699	0.2300	0.2300
GCF_000488995.1_M_roreri_MCA_2997_v1_genomic.fna.gz	0.2655	0.2653	0.2349	0.2343
GCF_000497045.1_PSEUBRA1_genomic.fna.gz	0.2091	0.2098	0.2906	0.2904
GCF_000507465.1_Kwon_mang_CBS8507_V2_genomic.fna.gz	0.2760	0.2752	0.2243	0.2245
GCF_000512565.1_Cryp_deje_CBS10117_V1_genomic.fna.gz	0.2581	0.2580	0.2416	0.2422
GCF_000512585.1_Cryp_best_CBS10118_V1_genomic.fna.gz	0.2638	0.2637	0.2364	0.2361
GCF_000512605.1_Cryp_pinu_CBS10737_V1_genomic.fna.gz	0.2992	0.2985	0.2010	0.2013
GCF_000516985.1_PFICI_genomic.fna.gz	0.2563	0.2564	0.2437	0.2436
GCF_000523435.1_Cochliobolus_carbonum_v1.0_genomic.fna.gz	0.2462	0.2457	0.2540	0.2541
GCF_000523455.1_Cochliobolus_miyabeanus_v1.0_genomic.fna.gz	0.2477	0.2473	0.2526	0.2524
GCF_000527765.1_Cochliobolus_victoriae_v1.0_genomic.fna.gz	0.2491	0.2495	0.2509	0.2506
GCF_000576695.1_AUH_PRJEB4427_v1_genomic.fna.gz	0.2721	0.2713	0.2280	0.2285
GCF_000582985.1_CFIO01_genomic.fna.gz	0.2373	0.2373	0.2626	0.2628
GCF_000585515.1_Clad_yegr_CBS_114405_V1_genomic.fna.gz	0.2299	0.2302	0.2698	0.2701
GCF_000585535.1_Clad_psam_CBS_110553_V1_genomic.fna.gz	0.2470	0.2468	0.2530	0.2532
GCF_000585565.1_Capr_epim_CBS_606_96_V1_genomic.fna.gz	0.2332	0.2329	0.2668	0.2670
GCF_000585585.1_Capr_coro_CBS_617_96_V1_genomic.fna.gz	0.2361	0.2363	0.2640	0.2636
GCF_000708205.1_Mixia_osmundae_v1.0_genomic.fna.gz	0.2224	0.2224	0.2774	0.2778
GCF_000709125.1_Exop_aqua_CBS_119918_V1_genomic.fna.gz	0.2547	0.2555	0.2452	0.2446
GCF_000711695.1_Tilletiaria_anomala_UBC_951_v1.0_genomic.fna.gz	0.2200	0.2196	0.2801	0.2802
GCF_000721755.1_Aureobasidium_pullulans_var._subglaciale_EXF-2481_v1.0_genomic.fna.gz	0.2464	0.2457	0.2542	0.2537
GCF_000721765.1_Aureobasidium_pullulans_var._namibiae_CBS_147.97_v1.0_genomic.fna.gz	0.2448	0.2440	0.2557	0.2555
GCF_000732125.1_ScApio1.0_genomic.fna.gz	0.2482	0.2481	0.2522	0.2515
GCF_000747765.1_ASM74776v1_genomic.fna.gz	0.1955	0.1955	0.3043	0.3047
GCF_000760515.1_UGP1.0_genomic.fna.gz	0.2856	0.2844	0.2149	0.2151
GCF_000769745.1_ASM76974v1_genomic.fna.gz	0.2625	0.2624	0.2376	0.2375
GCF_000803265.1_ASM80326v1_genomic.fna.gz	0.3073	0.3076	0.1919	0.1933
GCF_000814945.1_MAJ_1.0_genomic.fna.gz	0.2449	0.2453	0.2550	0.2548
GCF_000814965.1_MBR_1.0_genomic.fna.gz	0.2424	0.2424	0.2575	0.2576
GCF_000835455.1_Fons_pedr_CBS_271_37_V1_genomic.fna.gz	0.2382	0.2383	0.2618	0.2618
GCF_000835475.1_Clad_bant_CBS_173_52_V1_genomic.fna.gz	0.2433	0.2436	0.2565	0.2567
GCF_000835495.1_Clad_immu_CBS83496_V1_genomic.fna.gz	0.2361	0.2356	0.2642	0.2641
GCF_000835505.1_Exop_xeno_CBS118157_V1_genomic.fna.gz	0.2422	0.2424	0.2576	0.2578
GCF_000835515.1_Exop_olig_CBS72588_V1_genomic.fna.gz	0.2478	0.2481	0.2520	0.2521
GCF_000835555.1_Rhin_mack_CBS_650_93_V1_genomic.fna.gz	0.2479	0.2479	0.2522	0.2520
GCF_000836115.1_Exop_spin_CBS89968_V1_genomic.fna.gz	0.2413	0.2417	0.2583	0.2587
GCF_000836275.1_Exop_meso_CBS40295_V1_genomic.fna.gz	0.2479	0.2479	0.2522	0.2521
GCF_000836295.1_O_gall_CBS43764_genomic.fna.gz	0.2545	0.2549	0.2453	0.2454
GCF_000836435.1_Fons_mult_CBS_102226_V1_genomic.fna.gz	0.2369	0.2371	0.2631	0.2628
GCF_000938715.1_LALA0_genomic.fna.gz	0.2790	0.2782	0.2214	0.2214
GCF_000961545.1_S_schenckii_v1_genomic.fna.gz	0.2251	0.2253	0.2747	0.2749
GCF_000968595.1_ASM96859v1_genomic.fna.gz	0.2474	0.2471	0.2527	0.2528
GCF_001027345.1_Triol1_genomic.fna.gz	0.1963	0.1962	0.3029	0.3047
GCF_001189475.1_ASM118947v1_genomic.fna.gz	0.2749	0.2738	0.2254	0.2259
GCF_001204775.1_ASM120477v1_genomic.fna.gz	0.2560	0.2555	0.2440	0.2446
GCF_001278385.1_MalaPachy_genomic.fna.gz	0.2245	0.2248	0.2756	0.2751
GCF_001298625.1_SEUB3.0_genomic.fna.gz	0.3010	0.3004	0.1993	0.1992
GCF_001299255.1_ASM129925v1_genomic.fna.gz	0.2320	0.2324	0.2678	0.2678
GCF_001329695.1_Rhoba1_1_genomic.fna.gz	0.1615	0.1609	0.3384	0.3392
GCF_001417885.1_Kmar_1.0_genomic.fna.gz	0.3000	0.2989	0.2011	0.2001
GCF_001447935.1_debFab1.0_genomic.fna.gz	0.3215	0.3220	0.1781	0.1783
GCF_001477535.1_Pneu_jiro_RU7_V2_genomic.fna.gz	0.3592	0.3543	0.1430	0.1436
GCF_001477545.1_Pneu_cari_B80_V3_genomic.fna.gz	0.3633	0.3591	0.1379	0.1397
GCF_001481775.1_ASM148177v1_genomic.fna.gz	0.2550	0.2552	0.2450	0.2448
GCF_001500285.1_Phisc1_genomic.fna.gz	0.2621	0.2621	0.2381	0.2378
GCF_001548555.1_ASM154855v1_genomic.fna.gz	0.2988	0.2991	0.2023	0.1997
GCF_001619985.1_Xylona_heveae_TC161_v1.0_genomic.fna.gz	0.2593	0.2597	0.2408	0.2402
GCF_001636725.1_ISF_1.0_genomic.fna.gz	0.2317	0.2318	0.2683	0.2682
GCF_001638985.1_Phybl2_genomic.fna.gz	0.3216	0.3205	0.1785	0.1793
GCF_001640025.1_ASM164002v2_genomic.fna.gz	0.2747	0.2761	0.2248	0.2244
GCF_001642045.1_Parsp1_genomic.fna.gz	0.2331	0.2334	0.2667	0.2669
GCF_001642055.1_Altal1_genomic.fna.gz	0.2431	0.2429	0.2571	0.2570
GCF_001642475.1_ASM164247v1_genomic.fna.gz	0.2386	0.2391	0.2613	0.2610
GCF_001646965.1_ASM164696v1_genomic.fna.gz	0.2377	0.2376	0.2621	0.2625
GCF_001651985.1_ASM165198v1_genomic.fna.gz	0.2349	0.2346	0.2651	0.2654
GCF_001653235.1_ASM165323v1_genomic.fna.gz	0.2521	0.2526	0.2478	0.2474
GCF_001653235.2_ASM165323v2_genomic.fna.gz	0.2524	0.2524	0.2477	0.2475
GCF_001653265.1_ASM165326v1_genomic.fna.gz	0.2080	0.2081	0.2917	0.2922
GCF_001661235.1_Picme2_genomic.fna.gz	0.2747	0.2741	0.2256	0.2256
GCF_001661255.1_Wican1_genomic.fna.gz	0.3278	0.3267	0.1724	0.1731
GCF_001661265.1_Saico1_genomic.fna.gz	0.2373	0.2367	0.2629	0.2631
GCF_001661335.1_Babin1_genomic.fna.gz	0.2599	0.2589	0.2405	0.2408
GCF_001661345.1_Ascru1_genomic.fna.gz	0.3360	0.3355	0.1645	0.1641
GCF_001661395.1_Hypbu1_genomic.fna.gz	0.3257	0.3245	0.1749	0.1750
GCF_001661405.1_Cybja1_genomic.fna.gz	0.2780	0.2769	0.2231	0.2219
GCF_001661415.1_Canta1_genomic.fna.gz	0.2736	0.2729	0.2273	0.2261
GCF_001662655.1_ASM166265v1_genomic.fna.gz	0.2479	0.2482	0.2519	0.2520
GCF_001664035.1_Metbi1_genomic.fna.gz	0.2613	0.2602	0.2394	0.2391
GCF_001664045.1_Hanpo2_genomic.fna.gz	0.2610	0.2604	0.2394	0.2392
GCF_001672515.1_ASM167251v1_genomic.fna.gz	0.2280	0.2279	0.2722	0.2719
GCF_001720155.1_Tsuc_wing_CBS7118_V1_genomic.fna.gz	0.2329	0.2330	0.2675	0.2665
GCF_001720205.1_Cryp_amyl_CBS6039_V3_genomic.fna.gz	0.2332	0.2332	0.2670	0.2666
GCF_001773325.1_ASM177332v1_genomic.fna.gz	0.2545	0.2543	0.2456	0.2457
GCF_001792695.1_ASM179269v1_genomic.fna.gz	0.2564	0.2558	0.2438	0.2440
GCF_001831195.1_CORC01_genomic.fna.gz	0.2448	0.2446	0.2552	0.2554
GCF_001883845.1_ASM188384v1_genomic.fna.gz	0.2146	0.2149	0.2851	0.2854
GCF_001890105.1_Aspzo1_genomic.fna.gz	0.2502	0.2503	0.2495	0.2499
GCF_001890805.1_Aspgl1_genomic.fna.gz	0.2531	0.2530	0.2470	0.2469
GCF_001890905.1_Aspac1_genomic.fna.gz	0.2453	0.2460	0.2545	0.2542
GCF_001907595.1_ASM190759v1_genomic.fna.gz	0.2784	0.2781	0.2218	0.2217
GCF_001983325.1_ASM198332v1_genomic.fna.gz	0.3079	0.3072	0.1923	0.1926
GCF_002102565.1_Kocim1_genomic.fna.gz	0.2390	0.2390	0.2610	0.2610
GCF_002105155.1_Lobtra1_genomic.fna.gz	0.2916	0.2927	0.2081	0.2077
