align matrix:
A	0	293	288	0	65	0	0	287	285	0	274
T	25	0	0	225	73	44	23	6	0	226	7
C	4	1	3	68	32	232	9	0	2	68	5
G	265	0	0	1	124	18	262	1	7	0	8
align matrix:
A	292	1	103	79	22	15	10	46	41	11	6	278	283	0	120	0	4	285	290	0	44	0	3	290	290	0	208	42	0
T	0	112	5	8	142	146	22	96	226	0	53	5	0	210	76	4	24	6	0	243	10	5	27	0	0	167	31	247	25
C	0	181	22	174	51	61	237	110	1	262	12	6	8	75	44	240	29	0	2	46	46	242	10	0	0	127	1	0	259
G	2	0	164	33	79	72	25	42	26	21	223	5	3	9	54	50	237	3	2	5	194	47	254	4	4	0	54	5	10
align matrix:
A	96	0	6	45	0	9	4	123	0	0
T	21	0	50	187	51	190	2	3	34	65
C	0	20	151	0	172	38	287	20	121	216
G	177	274	67	62	63	57	1	142	130	0
++++++++++++++++++++++++++++++++++++++++++++++++++++++
align matrix:
A	210	0	127	119	0	282	284	0	315	322	1	131	133	10	80	78	5	71	53	1	316	315	0	87	75	1	309	306	1
T	59	82	108	118	24	22	8	20	6	0	89	44	1	111	27	19	104	136	15	41	2	0	94	96	57	14	2	0	22
C	2	210	36	11	204	6	19	273	2	2	234	42	107	149	111	144	116	24	148	132	4	0	228	35	160	153	3	0	290
G	53	32	53	76	96	14	13	31	1	0	0	107	83	54	106	83	99	93	108	150	2	9	2	106	32	156	7	18	10
++++++++++++++++++++++++++++++++++++++++++++++++++++++
align matrix:
A	1	25	27	0	3	3	0	26	26	2	27	10	0	0	0	0	28	28	0	1	0	0
T	2	1	3	2	5	7	2	2	0	1	0	0	6	0	0	0	2	0	1	0	27	0
C	21	0	0	27	2	0	28	0	3	25	0	20	4	0	0	30	0	0	27	2	3	5
G	6	4	0	1	20	20	0	2	1	2	3	0	20	30	30	0	0	2	2	27	0	25
align matrix:
A	30	30	0	29	30	0	28	28	0
T	0	0	0	0	0	1	0	0	3
C	0	0	30	0	0	29	0	2	27
G	0	0	0	1	0	0	2	0	0
align matrix:
A	27	29	0	6	28	0	29	30	0
T	1	0	3	19	0	19	1	0	3
C	0	0	0	2	0	8	0	0	27
G	2	0	26	0	2	3	0	0	0
align matrix:
A	26	9	0	26	27	0	4
T	1	0	2	0	0	1	2
C	0	20	7	2	0	25	2
G	3	1	21	2	1	4	22
++++++++++++++++++++++++++++++++++++++++++++++++++++++
######################################################
align matrix:
A	0	45	67	0	115	107	0	15	37
T	123	57	36	39	68	50	178	48	89
C	167	10	20	207	21	20	150	50	152
G	39	217	206	83	125	152	1	216	48
align matrix:
A	0	116	146	0	55	111	0	81	130	0	95	166
T	8	102	52	34	168	69	27	89	4	24	77	69
C	125	27	22	281	24	15	279	7	21	287	55	11
G	196	84	109	14	82	134	23	152	174	18	102	83
++++++++++++++++++++++++++++++++++++++++++++++++++++++
align matrix:
A	0	60	10	0	140	174	0	132	17	0	2	0	4	0
T	222	50	3	65	105	33	189	60	267	64	13	12	121	241
C	134	57	241	44	32	58	166	21	7	313	6	0	163	10
G	21	210	123	268	100	112	22	164	55	0	356	365	89	126
align matrix:
A	24	15	14	22	0	9	0
T	18	25	44	117	291	190	156
C	335	3	169	234	73	65	67
G	0	334	150	4	13	113	150
++++++++++++++++++++++++++++++++++++++++++++++++++++++
align matrix:
A	37	63	0	9	16	22	33	13	0	75	111
T	50	5	80	73	23	50	114	0	10	61	28
C	15	71	86	67	109	66	3	97	70	15	3
G	93	56	29	46	47	57	45	85	115	44	53
align matrix:
A	0	23	13	0	83	96	0	54	31	0	65	87	0	62	38	0	17	10	0	6	12
T	62	71	35	11	54	21	36	45	22	19	63	21	26	50	122	23	6	10	76	79	96
C	133	19	107	66	19	18	157	16	96	70	13	14	166	29	1	168	9	21	88	16	46
G	0	82	40	118	39	60	2	80	46	106	54	71	3	54	34	4	163	154	31	94	41
++++++++++++++++++++++++++++++++++++++++++++++++++++++
######################################################
align matrix:
A	164	173	265	131	298	10	114	138	17	114	96	171	100	141	115	80	53	288
T	78	3	30	40	33	343	158	100	222	110	110	3	107	80	196	102	52	4
C	14	111	27	19	4	13	64	27	42	121	7	150	74	57	25	67	7	53
G	112	81	46	179	34	3	34	105	89	25	157	46	89	92	33	120	257	23
align matrix:
A	57	344	347	5	108	5	88	109	151	123	88	162	127	10	9	75	64	205	52	157	300	190	238	274	89	11
T	145	9	21	217	129	359	74	47	66	54	34	121	84	41	12	80	119	150	171	44	21	70	15	16	63	32
C	131	2	1	152	127	3	67	132	10	87	152	30	71	2	350	91	66	17	147	73	11	30	66	41	99	1
G	39	19	5	0	11	8	146	87	148	111	101	62	93	322	4	129	126	3	5	101	43	85	55	42	122	329
align matrix:
A	92	195	240	155	70	71	103	355	308	243	157	61	151	111	155	64	166	166
T	38	4	4	71	6	9	75	0	5	6	44	99	72	62	10	81	110	3
C	69	139	1	68	25	3	134	5	21	9	62	69	51	146	2	83	89	86
G	157	29	123	76	269	288	59	11	37	113	107	141	96	51	203	142	5	115
align matrix:
A	27	88	12	121	60	5	49	309	2	123	228	235	188	158	196	121	203	75	104
T	236	85	3	131	274	6	140	25	368	106	1	2	37	0	0	59	2	5	116
C	125	0	246	96	1	134	172	19	7	144	158	128	36	11	0	119	185	0	52
G	5	220	132	45	58	248	32	40	16	20	6	28	132	224	197	94	3	313	121
align matrix:
A	0	255	2	136	226	150	127	311	390	133	0	82	0	0	335	0	10	180
T	256	41	368	94	8	16	25	1	0	37	390	294	191	395	60	268	12	5
C	139	4	11	135	142	49	79	69	1	31	0	5	200	0	0	127	247	209
G	0	95	14	30	19	180	164	14	4	183	5	14	4	0	0	0	126	1
align matrix:
A	46	30	360	41	69	308	98	173	29	176	54	8	134	300	243
T	119	4	18	133	6	5	125	26	302	137	173	376	39	26	131
C	188	353	10	156	20	53	108	38	51	45	136	11	35	47	2
G	42	8	7	65	300	28	63	157	13	37	32	0	187	22	19
align matrix:
A	86	163	96	32	82	207	101	167	184	149	108	287	236	140	195
T	199	76	142	347	98	10	16	9	25	3	31	28	101	50	140
C	73	47	66	14	114	153	16	137	162	7	62	30	23	45	12
G	36	108	90	1	100	24	261	81	23	235	193	49	18	143	30
align matrix:
A	43	0	95	93	1	106	115	130	87	102	1	104	105	0	63
T	142	346	96	108	386	113	131	5	71	125	385	82	96	370	123
C	170	43	28	173	1	86	61	62	73	155	3	61	162	14	80
G	34	0	170	15	1	84	83	193	160	9	2	144	28	5	123
align matrix:
A	2	326	20	137	5	28	4	381	2	17	361	2	268	2	31	46	7	71	193	0	163	22	4	88	8
T	376	52	240	77	174	116	0	0	221	2	0	233	33	300	155	39	293	117	70	375	128	198	358	125	94
C	2	0	120	2	125	76	0	0	157	0	0	126	7	9	62	44	38	55	26	5	12	148	11	93	39
G	0	2	0	164	77	161	377	0	0	361	0	0	53	50	113	232	24	119	73	1	78	12	3	67	231
align matrix:
A	337	333	244	148	270	164	79	248	141	13	0	60	47	247	38	179	204
T	1	5	23	17	7	20	84	45	55	114	350	107	67	15	102	36	46
C	20	21	5	45	34	15	44	53	73	223	13	33	231	0	137	34	52
G	7	6	95	156	55	167	159	20	96	15	2	165	12	94	83	111	55
align matrix:
A	134	6	185	18	24	11	65	63	110	158	9	76	92	187	95
T	9	365	57	333	301	158	11	12	76	79	283	123	73	23	93
C	7	5	64	4	20	193	293	251	58	13	74	70	12	134	103
G	225	0	69	20	30	13	5	47	129	122	6	103	194	24	75
align matrix:
A	166	257	226	88	51	4	66	95	81	79	112	64	84	293	273	160	119	5	103	94	137	55	229	194	148
T	17	17	2	102	200	314	175	161	18	63	18	2	66	16	33	9	50	251	49	29	45	98	10	6	33
C	12	34	51	90	66	42	103	15	111	170	215	17	84	34	18	15	56	106	64	99	145	138	68	35	42
G	172	60	91	90	53	9	27	100	162	60	26	288	137	29	47	186	138	1	146	139	34	70	56	128	137
align matrix:
A	29	76	43	51	9	84	20	87	271	291	230	21	283	13	115	5	40
T	3	132	256	102	87	83	191	100	23	30	18	143	18	189	143	27	158
C	11	96	65	19	20	46	137	68	29	23	29	188	16	158	12	138	130
G	325	64	4	196	252	155	20	113	45	26	93	18	54	11	91	190	32
++++++++++++++++++++++++++++++++++++++++++++++++++++++
align matrix:
A	231	9	239	179	13	16	102	25	39	1	79	127	9	22	58	119	38	161	148	83	24	45	78	226	205	162	3	1	57	218	31	39	28	139	14	5	94	20	22	29	39	94	8
T	1	77	29	21	86	185	46	61	5	0	54	119	0	48	10	94	22	15	77	14	0	0	29	1	2	6	0	0	78	8	101	40	34	80	75	180	128	86	7	3	43	22	173
C	21	173	3	30	142	12	35	169	0	226	101	0	80	171	193	4	77	33	40	89	10	0	109	47	1	27	0	0	111	29	141	91	132	44	148	35	30	128	29	129	138	105	29
G	21	15	3	44	33	60	89	19	231	48	41	29	186	34	14	58	138	66	10	89	242	231	60	2	68	82	273	275	30	21	1	103	79	10	35	52	20	34	213	110	49	48	58
align matrix:
A	31	4	126	0	121	9	44	28	3	54	167	171	106	71	8	40	0	277	0	78	4	17	56	74	107	161	213	68	0	115	0	0	57	0	47	152	29	200	104	23	219	0	34
T	68	231	6	98	19	247	60	62	242	24	30	94	18	109	135	64	0	0	95	109	269	78	84	1	30	41	0	37	274	154	83	277	220	137	68	48	39	49	0	84	0	245	57
C	131	3	18	55	2	13	100	153	22	49	65	6	29	19	27	141	0	0	183	33	3	128	119	102	79	48	41	67	2	2	195	0	1	141	27	60	143	7	67	139	22	31	132
G	24	24	126	124	135	9	72	35	11	151	16	7	125	79	108	33	278	1	0	57	1	54	18	100	62	28	24	106	2	7	0	1	0	0	135	17	66	20	106	30	35	0	40
++++++++++++++++++++++++++++++++++++++++++++++++++++++
align matrix:
A	69	38	90	0	61	65	138	25	4	30	39	65	14	42	7	20	21	10	166	54	103	109	105	77	24	54	23	31	4	130	22	59	29	125	39	2	173	13	98	3	37	42	180	0	14	11
T	57	71	41	173	45	13	16	49	2	1	51	46	165	35	148	160	124	9	6	22	9	2	19	4	14	50	157	157	128	15	145	76	61	22	61	2	7	90	53	1	74	149	9	113	51	40
C	6	48	48	13	58	8	28	51	172	154	22	57	7	29	19	0	31	4	2	21	32	36	17	69	55	33	5	0	35	16	9	35	28	28	57	78	3	84	0	73	71	1	1	76	1	125
G	55	30	8	1	23	101	5	62	9	2	75	19	1	79	11	5	9	162	11	88	41	38	44	35	92	48	0	0	21	31	16	22	73	17	35	110	10	6	42	116	11	1	3	4	127	17
align matrix:
A	194	143	29	15	37	1	201	0	138	0	77	96	102	86	96	90	86	2	123	4	0	9	0	99	70	14	100	26	37	170	0	63	34	126	8	72	158	44	36	128	64	90	41	81	13	0	70
T	0	1	63	137	61	1	0	135	16	201	67	34	21	14	4	0	52	200	75	105	202	191	123	56	99	19	52	0	62	0	197	65	27	7	84	19	0	52	16	22	42	23	116	47	67	188	30
C	2	0	62	17	23	0	0	64	19	0	18	44	29	48	14	6	10	0	0	92	0	2	78	32	33	51	50	52	67	1	4	43	32	49	78	107	2	70	54	30	27	35	7	31	105	13	30
G	5	57	47	32	80	199	0	2	29	1	40	28	50	54	88	106	54	0	4	1	0	0	1	15	0	118	0	124	36	30	0	29	107	18	30	2	40	34	94	20	67	52	36	42	16	0	66
++++++++++++++++++++++++++++++++++++++++++++++++++++++
######################################################
