scoring matrix:
A	-10.00	1.17	1.15	-10.00	-0.34	-10.00	-10.00	1.15	1.14	-10.00	1.10
T	-0.92	-10.00	-10.00	1.28	0.15	-0.36	-1.00	-2.35	-10.00	1.28	-2.19
C	-2.92	-4.31	-3.17	-0.09	-0.84	1.14	-2.11	-10.00	-3.61	-0.09	-2.70
G	1.39	-10.00	-10.00	-4.19	0.63	-1.30	1.38	-4.19	-2.24	-10.00	-2.11
scoring matrix:
A	1.17	-4.51	0.12	-0.14	-1.42	-1.80	-2.21	-0.68	-0.80	-2.11	-2.72	1.12	1.13	-10.00	0.28	-10.00	-3.13	1.14	1.16	-10.00	-0.73	-10.00	-3.41	1.16	1.16	-10.00	0.83	-0.77	-10.00
T	-10.00	0.58	-2.53	-2.06	0.82	0.84	-1.05	0.42	1.28	-10.00	-0.17	-2.53	-10.00	1.21	0.19	-2.75	-0.96	-2.35	-10.00	1.35	-1.84	-2.53	-0.84	-10.00	-10.00	0.98	-0.71	1.37	-0.92
C	-10.00	0.89	-1.22	0.85	-0.38	-0.20	1.16	0.39	-4.31	1.26	-1.82	-2.52	-2.23	0.01	-0.52	1.17	-0.94	-10.00	-3.61	-0.48	-0.48	1.18	-2.00	-10.00	-10.00	0.54	-4.31	-10.00	1.25
G	-3.50	-10.00	0.91	-0.69	0.18	0.09	-0.97	-0.45	-0.93	-1.14	1.22	-2.58	-3.09	-1.99	-0.20	-0.28	1.28	-3.09	-3.50	-2.58	1.08	-0.34	1.35	-2.80	-2.80	-10.00	-0.20	-2.58	-1.89
scoring matrix:
A	0.05	-10.00	-2.47	-0.70	-10.00	-2.31	-3.13	0.31	-10.00	-10.00
T	-1.10	-10.00	-0.15	1.09	-0.18	1.11	-3.45	-2.96	-0.56	0.08
C	-10.00	-1.31	0.73	-10.00	0.84	-0.67	1.35	-1.26	0.50	1.06
G	0.99	1.42	0.08	-0.06	-0.02	-0.15	-4.19	0.77	0.69	-10.00
Start Probabilities	0.97	0.03	0.00	
Ending Probabilities	0.02	0.09	1.00	
Trasnition Probability Matrix
0.00	0.95	0.03	
0.00	0.00	0.91	
0.00	0.00	0.00	
Window size:29
Gap length:50
Match score cuttof:21.52
++++++++++++++++++++++++++++++++++++++++++++++++++++++
scoring matrix:
A	0.52	-10.00	0.01	-0.05	-10.00	0.81	0.82	-10.00	0.92	0.94	-4.83	0.04	0.06	-2.53	-0.45	-0.47	-3.22	-0.57	-0.86	-4.83	0.93	0.92	-10.00	-0.36	-0.51	-4.83	0.90	0.89	-4.81
T	0.26	0.59	0.86	0.95	-0.64	-0.73	-1.74	-0.82	-2.03	-10.00	0.67	-0.04	-3.82	0.89	-0.52	-0.87	0.83	1.09	-1.11	-0.11	-3.13	-10.00	0.72	0.75	0.22	-1.18	-3.09	-10.00	-0.72
C	-3.89	0.76	-1.00	-2.19	0.73	-2.79	-1.64	1.02	-3.89	-3.89	0.87	-0.85	0.09	0.42	0.12	0.38	0.17	-1.41	0.41	0.30	-3.20	-10.00	0.84	-1.03	0.49	0.44	-3.45	-10.00	1.08
G	-0.04	-0.54	-0.04	0.32	0.56	-1.37	-1.44	-0.57	-4.01	-10.00	-10.00	0.67	0.41	-0.02	0.66	0.41	0.59	0.53	0.67	1.00	-3.31	-1.81	-3.31	0.66	-0.54	1.04	-2.03	-1.12	-1.70
Start Probabilities	1.00	
Ending Probabilities	1.00	
Trasnition Probability Matrix
0.00	
Window size:29
Gap length:50
Match score cuttof:0.00
++++++++++++++++++++++++++++++++++++++++++++++++++++++
scoring matrix:
A	-2.61	0.60	0.68	-10.00	-1.52	-1.52	-10.00	0.64	0.64	-1.92	0.68	-0.31	-10.00	-10.00	-10.00	-10.00	0.72	0.72	-10.00	-2.61	-10.00	-10.00
T	-0.18	-0.87	0.23	-0.18	0.74	1.08	-0.18	-0.18	-10.00	-0.87	-10.00	-10.00	0.92	-10.00	-10.00	-10.00	-0.18	-10.00	-0.87	-10.00	2.43	-10.00
C	0.94	-10.00	-10.00	1.19	-1.41	-10.00	1.23	-10.00	-1.00	1.12	-10.00	0.89	-0.72	-10.00	-10.00	1.30	-10.00	-10.00	1.19	-1.41	-1.00	-0.49
G	0.04	-0.36	-10.00	-1.75	1.24	1.24	-10.00	-1.06	-1.75	-1.06	-0.65	-10.00	1.24	1.65	1.65	-10.00	-10.00	-1.06	-1.06	1.55	-10.00	1.47
scoring matrix:
A	0.79	0.79	-10.00	0.75	0.79	-10.00	0.72	0.72	-10.00
T	-10.00	-10.00	-10.00	-10.00	-10.00	-0.87	-10.00	-10.00	0.23
C	-10.00	-10.00	1.30	-10.00	-10.00	1.26	-10.00	-1.41	1.19
G	-10.00	-10.00	-10.00	-1.75	-10.00	-10.00	-1.06	-10.00	-10.00
scoring matrix:
A	0.68	0.76	-10.00	-0.65	0.72	-10.00	0.75	0.79	-10.00
T	-0.87	-10.00	0.25	1.96	-10.00	2.07	-0.87	-10.00	0.23
C	-10.00	-10.00	-10.00	-1.17	-10.00	-0.02	-10.00	-10.00	1.19
G	-1.06	-10.00	1.49	-10.00	-1.06	-0.65	-10.00	-10.00	-10.00
scoring matrix:
A	0.64	-0.42	-10.00	0.64	0.70	-10.00	-1.23
T	-0.87	-10.00	-0.18	-10.00	-10.00	-0.87	-0.18
C	-10.00	0.89	-0.16	-1.41	-10.00	1.12	-1.41
G	-0.65	-1.75	1.29	-1.06	-1.57	-0.36	1.34
Start Probabilities	0.90	0.10	0.00	0.00	
Ending Probabilities	0.00	0.07	0.27	1.00	
Trasnition Probability Matrix
0.00	1.00	0.00	0.00	
0.00	0.00	0.87	0.07	
0.00	0.00	0.00	0.73	
0.00	0.00	0.00	0.00	
Window size:22
Gap length:50
Match score cuttof:16.32
++++++++++++++++++++++++++++++++++++++++++++++++++++++
######################################################
scoring matrix:
A	-10.00	-0.15	0.24	-10.00	0.78	0.71	-10.00	-1.25	-0.34
T	0.57	-0.20	-0.66	-0.58	-0.02	-0.33	0.94	-0.37	0.25
C	0.56	-2.26	-1.57	0.77	-1.52	-1.57	0.45	-0.65	0.47
G	-1.05	0.67	0.62	-0.29	0.12	0.31	-4.71	0.66	-0.82
scoring matrix:
A	-10.00	0.79	1.02	-10.00	0.05	0.75	-10.00	0.43	0.91	-10.00	0.59	1.15
T	-2.16	0.38	-0.29	-0.72	0.88	-0.01	-0.95	0.25	-2.86	-1.06	0.10	-0.01
C	0.27	-1.27	-1.47	1.08	-1.38	-1.85	1.07	-2.62	-1.52	1.10	-0.55	-2.16
G	0.57	-0.28	-0.02	-2.07	-0.30	0.19	-1.58	0.31	0.45	-1.82	-0.09	-0.29
Start Probabilities	0.00	0.00	
Ending Probabilities	0.00	0.00	
Trasnition Probability Matrix
0.00	0.00	
0.00	0.00	
Window size:12
Gap length:50
Match score cuttof:0.00
++++++++++++++++++++++++++++++++++++++++++++++++++++++
scoring matrix:
A	-10.00	0.79	-1.01	-10.00	1.63	1.85	-10.00	1.57	-0.36	-10.00	-2.62	-10.00	-1.92	-10.00
T	0.68	-0.81	-3.62	-0.55	-0.07	-1.23	0.52	-0.63	0.87	-0.56	-2.16	-2.24	0.07	0.76
C	0.22	-0.64	0.80	-0.90	-1.22	-0.62	0.43	-1.64	-2.43	1.07	-2.89	-10.00	0.41	-2.38
G	-1.82	0.48	-0.05	0.73	-0.26	-0.14	-1.77	0.24	-0.71	-10.00	1.01	1.04	-0.37	-0.03
scoring matrix:
A	-0.13	-0.60	-0.67	-0.22	-10.00	-1.11	-10.00
T	-1.83	-1.50	-0.94	0.04	0.95	0.52	0.33
C	1.13	-3.58	0.45	0.77	-0.39	-0.51	-0.46
G	-10.00	0.95	0.15	-3.48	-2.30	-0.13	0.16
Start Probabilities	0.57	0.43	
Ending Probabilities	0.27	1.00	
Trasnition Probability Matrix
0.00	0.73	
0.00	0.00	
Window size:14
Gap length:50
Match score cuttof:10.35
++++++++++++++++++++++++++++++++++++++++++++++++++++++
scoring matrix:
A	0.19	0.73	-10.00	-1.22	-0.64	-0.33	0.08	-0.85	-10.00	0.90	1.29
T	0.10	-2.20	0.57	0.48	-0.67	0.10	0.93	-10.00	-1.50	0.30	-0.48
C	-1.36	0.19	0.38	0.13	0.62	0.12	-2.97	0.50	0.18	-1.36	-2.97
G	0.42	-0.08	-0.74	-0.28	-0.26	-0.07	-0.30	0.33	0.64	-0.32	-0.14
scoring matrix:
A	-10.00	-0.28	-0.85	-10.00	1.00	1.15	-10.00	0.57	0.02	-10.00	0.76	1.05	-10.00	0.71	0.22	-10.00	-0.58	-1.11	-10.00	-1.63	-0.93
T	0.32	0.46	-0.25	-1.41	0.18	-0.76	-0.22	-0.00	-0.72	-0.86	0.34	-0.75	-0.55	0.10	1.00	-0.67	-2.02	-1.50	0.52	0.56	0.76
C	0.82	-1.13	0.60	0.12	-1.13	-1.18	0.99	-1.30	0.49	0.18	-1.51	-1.41	1.04	-0.70	-4.07	1.05	-1.87	-1.03	0.41	-1.30	-0.24
G	-10.00	0.30	-0.42	0.66	-0.45	-0.01	-3.42	0.27	-0.28	0.55	-0.12	0.16	-3.01	-0.12	-0.58	-2.72	0.98	0.93	-0.67	0.43	-0.40
Start Probabilities	0.00	0.00	
Ending Probabilities	0.00	0.00	
Trasnition Probability Matrix
0.00	0.00	
0.00	0.00	
Window size:21
Gap length:50
Match score cuttof:0.00
++++++++++++++++++++++++++++++++++++++++++++++++++++++
######################################################
scoring matrix:
A	0.26	0.31	0.71	0.05	0.82	-2.35	-0.08	0.10	-1.87	-0.08	-0.24	0.30	-0.21	0.12	-0.07	-0.41	-0.80	0.79
T	-0.17	-3.20	-1.06	-0.79	-0.97	1.21	0.49	0.06	0.81	0.15	0.15	-3.23	0.12	-0.15	0.69	0.08	-0.55	-2.94
C	-1.46	0.47	-0.84	-1.18	-2.63	-1.53	-0.05	-0.85	-0.44	0.55	-2.12	0.75	0.09	-0.15	-0.92	-0.00	-2.11	-0.22
G	0.27	-0.03	-0.56	0.71	-0.85	-3.11	-0.85	0.21	0.05	-1.14	0.58	-0.57	0.05	0.08	-0.87	0.33	1.04	-1.21
scoring matrix:
A	-0.74	0.95	0.96	-3.05	-0.15	-3.07	-0.34	-0.14	0.17	-0.02	-0.34	0.24	0.01	-2.41	-2.51	-0.49	-0.64	0.46	-0.84	0.21	0.82	0.39	0.60	0.74	-0.32	-2.30
T	0.40	-2.23	-1.43	0.78	0.29	1.26	-0.24	-0.67	-0.35	-0.54	-0.98	0.23	-0.12	-0.80	-1.97	-0.17	0.21	0.43	0.56	-0.73	-1.43	-0.29	-1.75	-1.68	-0.38	-1.02
C	0.62	-3.34	-3.99	0.76	0.59	-2.96	-0.02	0.63	-1.82	0.23	0.76	-0.78	0.04	-3.35	1.55	0.27	-0.03	-1.32	0.73	0.07	-1.73	-0.78	-0.03	-0.47	0.36	-3.98
G	-0.73	-1.42	-2.69	-10.00	-1.95	-2.25	0.51	0.02	0.52	0.25	0.16	-0.30	0.08	1.26	-2.91	0.39	0.37	-3.18	-2.69	0.16	-0.65	-0.01	-0.41	-0.67	0.34	1.28
scoring matrix:
A	-0.24	0.42	0.62	0.21	-0.54	-0.53	-0.18	0.98	0.85	0.63	0.22	-0.67	0.18	-0.11	0.21	-0.62	0.27	0.27
T	-0.78	-2.92	-2.94	-0.26	-2.58	-2.21	-0.21	-10.00	-2.76	-2.59	-0.71	0.05	-0.25	-0.39	-2.10	-0.14	0.15	-3.23
C	0.06	0.68	-3.92	0.01	-0.93	-2.92	0.65	-2.44	-1.10	-1.89	-0.08	0.02	-0.26	0.73	-3.29	0.20	0.26	0.23
G	0.60	-0.98	0.36	-0.10	1.09	1.15	-0.34	-1.92	-0.78	0.27	0.22	0.48	0.12	-0.47	0.82	0.49	-2.65	0.29
scoring matrix:
A	-1.58	-0.41	-2.39	-0.09	-0.79	-3.26	-0.99	0.84	-4.17	-0.07	0.54	0.57	0.35	0.18	0.39	-0.09	0.43	-0.56	-0.24
T	0.86	-0.16	-3.49	0.27	1.01	-2.80	0.34	-1.38	1.30	0.06	-4.58	-3.89	-0.99	-10.00	-10.00	-0.52	-3.89	-2.98	0.15
C	0.56	-10.00	1.23	0.29	-4.25	0.63	0.87	-1.32	-2.31	0.70	0.79	0.58	-0.68	-1.86	-10.00	0.51	0.95	-10.00	-0.32
G	-2.87	0.89	0.39	-0.68	-0.43	1.01	-1.02	-0.80	-1.71	-1.49	-2.69	-1.16	0.39	0.91	0.78	0.05	-3.38	1.25	0.30
scoring matrix:
A	-10.00	0.65	-4.20	0.02	0.53	0.12	-0.05	0.85	1.08	0.03	-10.00	-0.48	-10.00	-10.00	0.92	-10.00	-2.59	0.30
T	0.94	-0.89	1.30	-0.06	-2.53	-1.84	-1.39	-4.61	-10.00	-0.94	1.36	1.08	0.64	1.37	-0.51	0.98	-2.12	-3.00
C	0.66	-2.89	-1.88	0.63	0.68	-0.38	0.10	-0.04	-4.27	-0.79	-10.00	-2.66	1.02	-10.00	-10.00	0.57	1.24	1.07
G	-10.00	0.05	-1.86	-1.10	-1.56	0.69	0.60	-1.86	-3.11	0.72	-2.89	-1.86	-3.11	-10.00	-10.00	-10.00	0.34	-4.50
scoring matrix:
A	-1.06	-1.49	1.00	-1.18	-0.66	0.84	-0.30	0.27	-1.52	0.28	-0.90	-2.81	0.01	0.81	0.60
T	0.17	-3.22	-1.72	0.28	-2.82	-2.99	0.22	-1.34	1.10	0.31	0.55	1.32	-0.94	-1.35	0.27
C	0.96	1.59	-1.97	0.78	-1.28	-0.30	0.41	-0.63	-0.34	-0.47	0.64	-1.88	-0.72	-0.42	-3.58
G	-0.76	-2.42	-2.55	-0.33	1.20	-1.16	-0.35	0.56	-1.93	-0.89	-1.03	-10.00	0.73	-1.41	-1.56
scoring matrix:
A	-0.43	0.21	-0.32	-1.42	-0.48	0.44	-0.27	0.23	0.33	0.12	-0.20	0.77	0.59	0.09	0.41
T	0.69	-0.27	0.35	1.24	-0.02	-2.30	-1.83	-2.40	-1.38	-3.50	-1.17	-1.27	0.05	-0.62	0.36
C	0.02	-0.42	-0.08	-1.63	0.46	0.76	-1.49	0.65	0.81	-2.32	-0.14	-0.87	-1.05	-0.40	-1.66
G	-0.91	0.18	0.00	-4.49	0.11	-1.32	1.06	-0.10	-1.36	0.96	0.76	-0.60	-1.50	0.49	-1.00
scoring matrix:
A	-1.10	-10.00	-0.32	-0.34	-4.80	-0.21	-0.13	-0.01	-0.41	-0.25	-4.83	-0.23	-0.22	-10.00	-0.72
T	0.36	1.23	-0.03	0.09	1.34	0.13	0.28	-2.95	-0.33	0.23	1.34	-0.19	-0.03	1.30	0.22
C	0.86	-0.49	-0.91	0.88	-4.19	0.19	-0.15	-0.13	0.03	0.77	-3.13	-0.15	0.82	-1.59	0.12
G	-0.94	-10.00	0.64	-1.75	-4.42	-0.05	-0.07	0.77	0.58	-2.27	-3.76	0.48	-1.15	-2.83	0.32
scoring matrix:
A	-4.00	0.90	-1.79	0.07	-3.13	-1.47	-3.34	1.05	-4.00	-1.94	1.00	-3.75	0.72	-3.75	-1.25	-0.89	-2.62	-0.49	0.42	-10.00	0.23	-1.69	-3.29	-0.34	-2.59
T	1.31	-0.59	0.88	-0.22	0.57	0.18	-10.00	-10.00	0.80	-3.73	-10.00	0.85	-0.93	1.08	0.48	-0.78	1.06	0.22	-0.25	1.31	0.27	0.69	1.26	0.26	-0.00
C	-3.41	-10.00	0.53	-3.41	0.57	0.09	-10.00	-10.00	0.79	-10.00	-10.00	0.60	-2.04	-1.82	-0.05	-0.36	-0.50	-0.16	-0.85	-2.53	-1.69	0.73	-1.74	0.30	-0.52
G	-10.00	-3.62	-10.00	0.61	-0.12	0.60	1.42	-10.00	-10.00	1.37	-10.00	-10.00	-0.40	-0.46	0.29	0.95	-1.13	0.34	-0.11	-4.31	-0.10	-1.90	-3.19	-0.22	0.94
scoring matrix:
A	0.93	0.92	0.63	0.17	0.73	0.27	-0.41	0.65	0.13	-2.08	-10.00	-0.66	-0.85	0.65	-1.06	0.36	0.48
T	-4.19	-2.70	-1.30	-1.57	-2.40	-1.42	-0.09	-0.67	-0.48	0.19	1.23	0.13	-0.27	-1.62	0.10	-0.85	-0.61
C	-1.11	-1.06	-2.41	-0.36	-0.62	-1.38	-0.38	-0.21	0.09	1.12	-1.51	-0.64	1.15	-10.00	0.67	-0.60	-0.20
G	-2.29	-2.43	0.12	0.58	-0.39	0.64	0.60	-1.32	0.13	-1.58	-3.44	0.63	-1.73	0.13	0.01	0.28	-0.35
scoring matrix:
A	0.06	-2.90	0.36	-1.85	-1.58	-2.32	-0.63	-0.65	-0.12	0.22	-2.48	-0.47	-0.29	0.38	-0.24
T	-2.24	1.28	-0.49	1.19	1.09	0.48	-2.04	-1.95	-0.21	-0.17	1.03	0.25	-0.24	-1.31	0.00
C	-2.16	-2.49	-0.06	-2.69	-1.16	0.99	1.38	1.24	-0.15	-1.55	0.09	0.03	-1.62	0.65	0.41
G	0.92	-10.00	-0.20	-1.38	-0.99	-1.79	-2.69	-0.56	0.39	0.34	-2.49	0.18	0.78	-1.17	-0.10
scoring matrix:
A	0.27	0.68	0.56	-0.33	-0.84	-3.21	-0.60	-0.26	-0.41	-0.43	-0.10	-0.63	-0.37	0.80	0.73	0.23	-0.02	-2.94	-0.15	-0.23	0.11	-0.72	0.58	0.42	0.18
T	-1.58	-1.59	-3.61	0.08	0.71	1.13	0.58	0.50	-1.56	-0.38	-1.55	-3.62	-0.33	-1.67	-0.99	-2.20	-0.56	0.92	-0.58	-1.05	-0.65	0.06	-2.04	-2.51	-0.93
C	-1.59	-0.63	-0.26	0.27	-0.02	-0.44	0.40	-1.41	0.47	0.87	1.09	-1.29	0.21	-0.65	-1.24	-1.41	-0.15	0.44	-0.03	0.38	0.72	0.68	0.03	-0.58	-0.40
G	0.67	-0.31	0.07	0.06	-0.43	-2.09	-1.07	0.16	0.61	-0.33	-1.11	1.15	0.45	-1.01	-0.55	0.74	0.47	-4.06	0.52	0.48	-0.81	-0.15	-0.36	0.40	0.47
scoring matrix:
A	-1.35	-0.45	-0.99	-0.83	-2.44	-0.36	-1.70	-0.33	0.73	0.80	0.57	-1.67	0.77	-2.12	-0.05	-2.91	-1.01
T	-3.20	0.32	0.94	0.08	-0.07	-0.11	0.67	0.06	-1.31	-1.07	-1.55	0.39	-1.55	0.65	0.41	-1.11	0.50
C	-1.68	0.34	-0.03	-1.17	-1.12	-0.35	0.67	0.02	-0.78	-1.00	-0.79	0.96	-1.35	0.80	-1.55	0.68	0.63
G	1.26	-0.25	-2.83	0.79	1.03	0.57	-1.34	0.28	-0.58	-1.10	0.09	-1.45	-0.42	-1.92	0.09	0.77	-0.86
Start Probabilities	0.50	0.22	0.09	0.10	0.04	0.02	0.01	0.02	0.00	0.00	0.00	0.01	0.00	
Ending Probabilities	0.00	0.00	0.00	0.00	0.01	0.01	0.01	0.05	0.15	0.14	0.20	0.25	1.00	
Trasnition Probability Matrix
0.00	0.81	0.12	0.02	0.04	0.00	0.01	0.00	0.00	0.00	0.00	0.00	0.00	
0.00	0.00	0.60	0.31	0.09	0.00	0.00	0.00	0.00	0.00	0.00	0.00	0.00	
0.00	0.00	0.00	0.68	0.27	0.03	0.00	0.00	0.00	0.00	0.00	0.00	0.00	
0.00	0.00	0.00	0.00	0.95	0.01	0.01	0.02	0.01	0.00	0.00	0.00	0.00	
0.00	0.00	0.00	0.00	0.00	0.63	0.12	0.03	0.16	0.02	0.01	0.00	0.01	
0.00	0.00	0.00	0.00	0.00	0.00	0.51	0.34	0.11	0.00	0.01	0.01	0.00	
0.00	0.00	0.00	0.00	0.00	0.00	0.00	0.74	0.16	0.00	0.10	0.00	0.00	
0.00	0.00	0.00	0.00	0.00	0.00	0.00	0.00	0.87	0.03	0.03	0.00	0.00	
0.00	0.00	0.00	0.00	0.00	0.00	0.00	0.00	0.00	0.65	0.17	0.00	0.03	
0.00	0.00	0.00	0.00	0.00	0.00	0.00	0.00	0.00	0.00	0.78	0.04	0.04	
0.00	0.00	0.00	0.00	0.00	0.00	0.00	0.00	0.00	0.00	0.00	0.55	0.25	
0.00	0.00	0.00	0.00	0.00	0.00	0.00	0.00	0.00	0.00	0.00	0.00	0.75	
0.00	0.00	0.00	0.00	0.00	0.00	0.00	0.00	0.00	0.00	0.00	0.00	0.00	
Window size:26
Gap length:400
Match score cuttof:24.42
++++++++++++++++++++++++++++++++++++++++++++++++++++++
scoring matrix:
A	1.10	-2.09	1.13	0.84	-1.73	-1.52	0.30	-1.09	-0.66	-4.27	0.04	0.51	-2.10	-1.22	-0.27	0.44	-0.68	0.74	0.66	0.09	-1.14	-0.52	0.02	1.07	0.98	0.74	-3.20	-4.29	-0.29	1.04	-0.88	-0.65	-0.97	0.60	-1.64	-2.64	0.22	-1.26	-1.19	-0.92	-0.62	0.23	-2.14
T	-4.03	0.23	-0.73	-1.04	0.34	1.09	-0.26	0.00	-2.47	-10.00	-0.12	0.66	-10.00	-0.24	-1.78	0.43	-1.00	-1.38	0.23	-1.45	-10.00	-10.00	-0.74	-4.07	-3.38	-2.31	-10.00	-10.00	0.24	-2.01	0.50	-0.41	-0.56	0.27	0.21	1.07	0.73	0.35	-2.09	-2.91	-0.32	-0.96	1.03
C	-1.14	0.93	-3.05	-0.79	0.73	-1.68	-0.63	0.91	-10.00	1.19	0.40	-10.00	0.17	0.92	1.04	-2.78	0.13	-0.70	-0.52	0.27	-1.89	-10.00	0.47	-0.36	-4.17	-0.92	-10.00	-10.00	0.49	-0.84	0.73	0.30	0.66	-0.41	0.78	-0.63	-0.78	0.64	-0.81	0.64	0.71	0.45	-0.79
G	-1.19	-1.52	-3.10	-0.46	-0.74	-0.15	0.24	-1.28	1.17	-0.38	-0.54	-0.88	0.96	-0.72	-1.59	-0.19	0.66	-0.07	-1.93	0.23	1.22	1.17	-0.16	-3.53	-0.04	0.14	1.33	1.34	-0.85	-1.20	-4.18	0.38	0.12	-1.90	-0.67	-0.29	-1.22	-0.68	1.09	0.45	-0.33	-0.35	-0.16
scoring matrix:
A	-0.74	-2.72	0.50	-10.00	0.45	-2.14	-0.54	-1.01	-3.23	-0.35	0.77	0.80	0.32	-0.08	-2.25	-0.65	-10.00	1.28	-10.00	0.02	-2.93	-1.49	-0.31	-0.03	0.33	0.74	1.02	-0.12	-10.00	0.40	-10.00	-10.00	-0.30	-10.00	-0.48	0.68	-0.96	0.95	0.30	-1.19	1.04	-10.00	-0.72
T	0.17	1.30	-2.30	0.46	-1.16	1.38	-0.02	0.01	1.36	-0.94	-0.72	0.42	-1.23	0.57	0.78	0.04	-10.00	-10.00	0.43	0.57	1.47	0.24	0.31	-4.09	-0.72	-0.41	-10.00	-0.51	1.49	0.91	0.30	1.50	1.27	0.80	0.10	-0.24	-0.45	-0.22	-10.00	0.31	-10.00	1.37	-0.02
C	0.68	-2.88	-1.31	-0.21	-3.50	-1.65	0.39	0.81	-1.13	-0.33	-0.05	-2.42	-0.85	-1.27	-0.92	0.72	-10.00	-10.00	0.98	-0.72	-3.10	0.63	0.56	0.40	0.15	-0.35	-0.51	-0.02	-3.52	-3.52	1.05	-10.00	-4.21	0.72	-0.92	-0.12	0.74	-2.24	-0.01	0.71	-1.11	-0.77	0.67
G	-0.91	-0.97	0.57	0.55	0.64	-2.06	0.02	-0.71	-1.86	0.75	-1.49	-2.31	0.56	0.10	0.41	-0.77	1.36	-4.25	-10.00	-0.22	-4.23	-0.27	-1.36	0.34	-0.14	-0.93	-1.09	0.39	-3.56	-2.31	-10.00	-4.25	-10.00	-10.00	0.64	-1.42	-0.07	-1.25	0.40	-0.85	-0.70	-10.00	-0.49
Start Probabilities	0.78	0.22	
Ending Probabilities	0.09	1.00	
Trasnition Probability Matrix
0.00	0.91	
0.00	0.00	
Window size:43
Gap length:400
Match score cuttof:0.00
++++++++++++++++++++++++++++++++++++++++++++++++++++++
scoring matrix:
A	0.15	-0.40	0.39	-10.00	0.04	0.09	0.79	-0.79	-2.47	-0.62	-0.38	0.09	-1.32	-0.29	-1.93	-0.97	-0.93	-1.60	0.96	-0.07	0.52	0.57	0.54	0.26	-0.80	-0.07	-0.84	-0.60	-2.49	0.73	-0.95	-0.02	-0.68	0.69	-0.41	-3.22	1.00	-1.46	0.46	-2.86	-0.47	-0.35	1.04	-10.00	-1.39	-1.62
T	0.12	0.32	-0.18	1.14	-0.10	-1.24	-1.05	-0.02	-2.97	-3.61	0.02	-0.08	1.10	-0.32	1.00	1.07	0.84	-1.56	-1.92	-0.74	-1.56	-2.93	-0.87	-2.29	-1.15	0.01	1.05	1.05	0.86	-1.17	0.98	0.37	0.16	-0.80	0.16	-3.07	-1.90	0.53	0.02	-3.75	0.34	1.01	-1.66	0.74	-0.01	-0.24
C	-1.63	0.29	0.29	-0.91	0.46	-1.36	-0.21	0.34	1.46	1.36	-0.43	0.45	-1.48	-0.16	-0.55	-10.00	-0.10	-1.97	-2.60	-0.46	-0.07	0.03	-0.65	0.63	0.42	-0.05	-1.77	-10.00	-0.01	-0.77	-1.31	-0.03	-0.23	-0.24	0.43	0.73	-2.37	0.80	-10.00	0.67	0.64	-3.41	-3.41	0.70	-3.41	1.18
G	0.22	-0.33	-1.55	-3.47	-0.58	0.78	-1.99	0.33	-1.44	-2.83	0.51	-0.76	-3.47	0.56	-1.24	-1.95	-1.42	1.22	-1.24	0.66	-0.04	-0.11	0.03	-0.18	0.70	0.11	-10.00	-10.00	-0.67	-0.34	-0.96	-0.66	0.47	-0.91	-0.22	0.86	-1.42	-1.91	-0.06	0.91	-1.33	-3.61	-2.56	-2.29	1.00	-0.92
scoring matrix:
A	1.11	0.81	-0.77	-1.42	-0.53	-4.10	1.15	-10.00	0.77	-10.00	0.19	0.41	0.47	0.30	0.41	0.35	0.30	-3.44	0.66	-2.75	-10.00	-1.94	-10.00	0.44	0.10	-1.50	0.45	-0.89	-0.54	0.98	-10.00	0.00	-0.60	0.69	-2.03	0.14	0.91	-0.35	-0.55	0.70	0.02	0.36	-0.42	0.25	-1.56	-10.00	0.13
T	-10.00	-3.95	0.16	0.92	0.12	-3.95	-10.00	0.91	-1.21	1.31	0.21	-0.46	-0.94	-1.35	-2.59	-10.00	-0.04	1.30	0.32	0.66	1.31	1.25	0.82	0.03	0.60	-1.04	-0.04	-10.00	0.13	-10.00	1.28	0.19	-0.68	-2.01	0.44	-1.02	-10.00	-0.03	-1.19	-0.88	-0.24	-0.83	0.76	-0.14	0.22	1.24	-0.54
C	-2.91	-10.00	0.49	-0.79	-0.49	-10.00	-10.00	0.52	-0.69	-10.00	-0.74	0.15	-0.27	0.24	-0.99	-1.83	-1.33	-10.00	-10.00	0.88	-10.00	-2.93	0.72	-0.17	-0.14	0.30	0.28	0.31	0.57	-3.59	-2.22	0.13	-0.16	0.26	0.72	1.03	-2.89	0.61	0.36	-0.22	-0.32	-0.07	-1.65	-0.19	1.01	-1.05	-0.20
G	-2.21	0.20	0.01	-0.37	0.54	1.44	-10.00	-3.11	-0.47	-3.82	-0.15	-0.51	0.07	0.15	0.63	0.82	0.15	-10.00	-2.44	-3.82	-10.00	-10.00	-3.82	-1.13	-10.00	0.92	-10.00	0.97	-0.26	-0.43	-10.00	-0.46	0.83	-0.93	-0.42	-3.09	-0.14	-0.30	0.70	-0.82	0.37	0.12	-0.24	-0.10	-1.05	-10.00	0.36
Start Probabilities	0.74	0.26	
Ending Probabilities	0.09	1.00	
Trasnition Probability Matrix
0.00	0.91	
0.00	0.00	
Window size:47
Gap length:400
Match score cuttof:0.00
++++++++++++++++++++++++++++++++++++++++++++++++++++++
######################################################
Start Probability:0.04	0.96	0.00
End Probability:0.22	0.10	0.68
Transition Probability:
0.23	0.03	0.74
0.62	0.15	0.22
0.80	0.20	0.00
Gap Length:10000
