align matrix:
A	6	0	0	0	0	28	28	0	0	0	0	28	28	0
T	0	18	9	16	3	0	0	4	19	13	6	0	0	15
C	21	1	12	6	9	0	0	24	2	2	3	0	0	13
G	1	9	7	6	16	0	0	0	7	13	19	0	0	0
align matrix:
A	23	28	0	4	9	2	0	0	0	1	0	0	28	28	0	4	0	0	28	26	0	8	12	0	28	28
T	5	0	6	3	1	15	4	0	13	24	0	7	0	0	5	10	10	0	0	0	5	6	3	0	0	0
C	0	0	22	10	16	3	23	14	1	0	26	8	0	0	23	0	18	9	0	0	21	1	11	18	0	0
G	0	0	0	11	2	8	1	14	14	3	2	13	0	0	0	14	0	19	0	2	2	13	2	10	0	0
align matrix:
A	0	20	5	0	0	0	0
T	10	1	22	9	7	0	11
C	18	2	0	16	0	7	3
G	0	5	0	3	21	21	14
++++++++++++++++++++++++++++++++++++++++++++++++++++++
align matrix:
A	2	205	209	0	145	120	0	195	171	0	307	330	0	10	2	0	342	343	1	121	37	0
T	87	39	126	61	120	166	41	81	7	42	11	4	156	2	104	39	3	0	97	70	102	28
C	131	2	8	229	2	41	247	49	37	268	1	0	187	1	7	238	0	0	249	38	189	124
G	127	101	4	57	80	20	59	22	132	37	28	11	4	334	234	70	2	4	0	118	0	195
align matrix:
A	296	315	0	336	338	0	308	326
T	50	0	32	10	2	1	16	0
C	0	13	289	1	6	342	0	2
G	1	19	26	0	1	4	23	19
++++++++++++++++++++++++++++++++++++++++++++++++++++++
align matrix:
A	7	0	4	5	0	10	10	0	4	2	1	3	1	2	0	1	0	10	10	0	1	0	0
T	0	2	2	4	1	0	0	0	3	0	4	4	0	2	6	0	1	0	0	0	4	5	0
C	3	5	0	0	5	0	0	10	0	6	4	0	7	2	0	5	4	0	0	10	1	5	4
G	0	3	4	1	4	0	0	0	3	2	1	3	2	4	4	4	5	0	0	0	4	0	6
align matrix:
A	10	10	0
T	0	0	0
C	0	0	10
G	0	0	0
align matrix:
A	7	6	0	10	10	0
T	1	1	0	0	0	0
C	0	3	7	0	0	10
G	2	0	3	0	0	0
align matrix:
A	0	0	2
T	0	2	2
C	0	6	0
G	10	2	6
++++++++++++++++++++++++++++++++++++++++++++++++++++++
######################################################
align matrix:
A	37	6	0	7	10	45	0	16	9	0	103	122	11	27	0	0	134	184	0	117	185	0	21	26	0	19	14	4	97	95	4
T	128	291	204	31	80	19	114	31	8	222	83	43	216	145	11	22	89	26	216	80	46	127	12	4	148	102	47	84	91	39	254
C	50	22	71	150	10	26	206	7	98	49	39	73	90	19	232	28	39	44	127	24	65	184	0	22	159	10	267	35	75	86	43
G	128	24	68	155	243	253	23	289	228	72	118	105	26	152	100	293	81	89	0	122	47	32	310	291	36	212	15	220	80	123	42
++++++++++++++++++++++++++++++++++++++++++++++++++++++
align matrix:
A	4	2	22	0	125	166	2	14	25	0	136	167	0	110	140	0	147	169	0	92	125	0	84	94	0	72
T	133	55	8	48	106	24	116	104	170	10	74	25	12	174	82	4	83	18	26	104	24	53	52	6	87	187
C	151	24	0	250	20	36	208	89	76	97	24	18	308	16	22	301	16	24	298	35	47	241	13	127	111	15
G	46	253	304	36	83	108	8	127	63	227	100	124	13	34	90	29	88	123	10	103	138	40	185	107	136	60
++++++++++++++++++++++++++++++++++++++++++++++++++++++
align matrix:
A	128	0	47	30	0	70	108	0	57	81	3	33	32	2	0	30	0	63	79	0
T	16	35	107	37	15	31	7	47	39	31	26	29	25	73	79	72	40	42	14	36
C	7	186	13	47	143	5	19	176	5	2	163	13	48	101	15	88	113	67	18	190
G	75	5	59	112	68	120	92	3	125	112	34	151	121	50	132	36	73	54	115	0
++++++++++++++++++++++++++++++++++++++++++++++++++++++
######################################################
align matrix:
A	85	74	38	55	104	56	2	1	0	77	70	33	75	1	43	59	97	19	1	156	88
T	22	41	44	15	23	52	155	162	81	26	21	40	17	160	34	57	38	74	10	2	15
C	33	26	51	29	6	22	0	1	82	8	55	46	47	3	37	40	13	42	1	2	1
G	18	17	25	60	26	30	3	0	1	53	18	45	25	0	50	8	16	28	149	1	57
align matrix:
A	68	0	157	10	94	39	73	78	16	56	37	3	40	38	135	54	64	119	39	32	6	29	28	8	46	29	11	18	31	142	16	76	147	31	31	10
T	18	0	0	65	2	0	14	0	121	53	10	137	41	4	0	26	1	0	59	86	43	65	51	145	39	109	14	73	3	1	73	21	4	53	33	116
C	22	0	0	50	62	0	27	19	21	27	9	18	40	114	0	26	94	1	27	3	60	37	68	5	37	1	23	66	13	4	50	8	4	32	3	21
G	50	158	1	33	0	119	44	61	0	22	102	0	37	2	23	53	0	39	33	37	49	27	12	1	37	20	111	2	112	12	20	54	4	43	92	12
align matrix:
A	116	0	38	9	5	55	59	63	63	69	7	29	1	171	1	48	6	27	76	58	73	121	145	63	0	100
T	1	157	69	73	162	23	33	99	16	61	100	60	0	1	88	101	166	71	60	0	26	2	1	17	174	72
C	2	8	42	79	0	22	65	5	27	5	9	44	0	0	83	7	0	61	29	71	31	13	1	36	0	1
G	53	7	23	11	5	72	15	5	66	37	56	39	171	0	0	16	0	13	7	44	44	38	27	58	0	1
align matrix:
A	1	0	58	1	15	111	31	134	105	9	134	1	45	47	66
T	92	172	112	96	23	2	45	24	0	97	0	140	66	12	29
C	80	0	2	76	32	40	74	6	28	53	3	31	27	63	54
G	0	1	1	0	103	20	23	9	40	14	36	1	34	50	23
align matrix:
A	113	14	115	15	23	70	39	44	40	106	10	46	104	58	32	108	98
T	21	63	19	105	35	29	24	67	15	17	86	12	21	30	5	13	23
C	7	75	6	28	35	9	63	33	3	14	63	8	23	24	5	6	18
G	18	7	22	14	68	54	36	20	109	30	9	101	19	55	125	39	27
align matrix:
A	2	2	79	104	87	10	9	159	66	66	10	52	62	13	51	0
T	1	0	32	8	15	84	18	12	18	8	96	39	75	13	44	2
C	0	0	50	1	16	72	112	1	1	45	63	30	1	103	45	171
G	171	172	13	61	56	8	35	2	89	55	5	53	36	45	34	1
align matrix:
A	171	71	90	33	62	55	41	44	15	4	61	92	17	31	38	27	28	13	97	12	1	0	71	102	104	29	26	57	53	87	5	53	2	166	0	66	156	14	14	105	4
T	1	1	9	100	38	50	85	65	0	15	28	10	151	77	82	75	69	112	66	78	41	61	11	39	21	77	8	3	25	31	164	69	2	0	58	5	0	75	148	50	83
C	0	0	18	34	43	10	43	49	3	85	38	34	4	27	11	65	27	30	7	46	118	99	25	5	28	59	72	60	30	33	2	24	1	1	112	99	5	71	8	1	62
G	0	100	55	5	29	57	3	14	154	68	45	36	0	37	41	5	48	15	0	34	10	10	64	25	18	6	65	51	63	20	0	24	165	3	0	0	9	10	0	14	21
align matrix:
A	94	1	58	160	141	90	41	103	58	31	77	60	26	17	69	35	68	48	74	22	27	104	148	92	15	70	21	8	144	1	10	12	64	93	17	81	0	166	1	159	7	6	3	172	1	2	168	1	45
T	9	151	13	0	2	9	33	32	50	2	79	16	52	98	37	11	0	43	13	121	34	4	3	15	91	51	68	145	8	94	18	31	42	2	0	19	170	5	108	9	155	5	0	0	92	0	1	95	93
C	1	14	78	5	25	5	9	3	40	34	6	22	85	11	25	49	14	44	24	13	45	31	7	18	12	9	66	4	15	71	3	27	42	66	2	33	1	0	64	4	11	1	1	0	79	0	0	74	2
G	67	5	22	6	3	67	88	33	23	104	9	72	6	42	37	73	86	33	57	12	62	30	11	44	51	39	14	12	2	2	137	98	21	8	150	36	0	1	0	1	0	161	168	0	0	169	2	0	29
align matrix:
A	24	12	51	35	109	62	40	104	55	128	1	44	72	79	67	49	110	60	87	41	56	12
T	41	135	30	14	19	47	13	15	29	9	161	49	12	37	28	1	11	20	43	109	45	78
C	85	4	26	25	24	11	24	14	39	13	3	55	32	4	26	32	16	16	24	0	31	8
G	14	13	57	91	13	45	88	32	42	15	0	17	49	45	44	83	28	69	11	15	33	67
align matrix:
A	54	118	65	22	34	42	22	38	80	84	0	48	62	73	53	36	2	42	159	156
T	4	5	26	51	120	38	0	0	41	44	165	37	10	22	41	39	161	21	0	0
C	7	24	31	87	1	43	3	1	24	36	0	53	39	52	23	53	3	61	5	0
G	99	18	43	5	10	42	140	126	20	1	0	27	54	18	49	38	0	42	2	10
align matrix:
A	25	100	95	34	164	166	100	150	3	55	93	87	80	143	3	50	37
T	51	6	3	25	0	0	1	17	1	35	5	3	15	3	162	55	61
C	29	27	9	16	1	0	0	0	152	41	66	2	24	1	1	56	6
G	60	30	56	88	2	1	66	0	11	36	3	75	48	20	1	6	63
++++++++++++++++++++++++++++++++++++++++++++++++++++++
align matrix:
A	0	232	2	123	188	129	119	277	366	92	2	58	0	0	324	0	3	165	87	214	46	31	280	1
T	235	28	347	83	16	13	19	1	0	56	370	277	161	372	48	236	2	10	103	137	2	134	3	360
C	137	11	23	137	144	51	91	83	1	47	0	0	210	0	0	136	229	193	80	11	160	159	12	11
G	0	101	0	29	24	179	143	11	5	168	0	24	1	0	0	0	138	4	102	10	164	48	76	0
align matrix:
A	105	0	324	0	126	19	21	19	341	0	28	342	15	274	2	40	40	19	63	175	0	131	17	4
T	53	348	32	230	67	156	83	0	0	195	0	0	207	27	295	132	33	274	93	78	348	114	165	336
C	77	9	0	120	0	116	102	0	0	165	0	0	135	8	16	67	44	38	57	33	4	26	148	8
G	122	0	1	7	165	67	152	339	19	0	333	15	0	46	42	116	238	24	142	68	2	83	24	4
++++++++++++++++++++++++++++++++++++++++++++++++++++++
align matrix:
A	64	72	190	51	70	215	138	48	7	57	192	144	72	127	126
T	46	30	17	50	5	43	31	136	259	58	27	77	58	73	3
C	96	70	19	74	35	21	40	115	42	114	52	31	99	26	83
G	106	142	88	139	204	35	105	15	6	85	40	59	81	75	88
align matrix:
A	4	284	6	140	113	74	26	10	77	58
T	302	21	145	14	35	13	13	101	70	65
C	6	1	155	89	77	82	226	200	50	32
G	6	13	12	71	89	145	49	3	117	159
align matrix:
A	107	91	85	34	169	6	151	113	33	81	61	52	23	10	3	165	127	70	101	17	37	104	176	33
T	6	28	72	277	25	148	34	75	85	92	62	106	286	292	169	81	162	100	5	268	98	163	53	94
C	166	121	57	6	70	158	110	43	135	50	110	108	9	7	130	34	17	97	6	25	105	30	60	141
G	38	78	104	1	48	6	23	87	66	96	86	54	1	10	17	38	12	51	207	9	79	22	30	50
align matrix:
A	13	176	94	114	109	1	44	47	0	65	1	311
T	92	4	0	74	3	320	128	7	319	66	4	8
C	211	142	4	25	2	6	85	7	10	62	317	0
G	4	5	229	115	215	1	72	268	0	136	7	10
align matrix:
A	78	15	250	4	33	29	37	155	4	75	19	96	9	141	204	37	119	144	43	108
T	73	39	17	98	106	97	59	49	305	83	185	94	79	5	75	96	33	72	94	41
C	57	265	1	169	58	132	73	89	14	97	20	41	212	96	5	113	92	12	107	115
G	115	4	55	52	125	64	153	30	0	68	99	92	23	81	39	75	77	93	77	57
align matrix:
A	24	63	96	244	230	161	6	2	125	247	42	95	39
T	0	3	71	43	33	40	1	0	51	14	37	36	43
C	1	5	107	30	4	24	1	1	108	44	229	78	228
G	305	259	55	11	61	103	320	325	44	21	18	117	16
align matrix:
A	77	2	3	62	144	3	89	66	244	72	79	88
T	60	25	1	80	18	242	61	23	27	62	20	8
C	103	3	160	139	52	68	100	60	23	110	194	34
G	86	296	162	45	115	14	77	176	31	79	30	193
align matrix:
A	184	88	161	108	18	175	15	167	41	32	58	66	136	113	63	99	28	94	25	69	89
T	13	18	58	67	106	110	164	51	213	138	65	23	39	37	62	82	126	82	104	134	18
C	44	99	47	68	90	14	94	17	41	52	155	55	28	78	83	88	58	28	155	56	84
G	62	106	45	69	98	20	48	86	26	99	43	177	117	92	110	49	105	112	30	54	118
align matrix:
A	65	286	323	212	63	13	59	0	329	0
T	45	0	1	0	100	195	74	1	0	171
C	56	40	2	2	75	38	107	0	0	156
G	155	4	4	116	92	84	89	328	0	2
align matrix:
A	0	152	2	0	10	1	136	130	24	190	37
T	320	166	129	326	311	187	111	133	30	80	0
C	4	7	198	4	9	142	40	62	122	49	94
G	3	5	1	0	0	0	43	4	153	7	195
align matrix:
A	203	36	83	189	166	124	69	234	18	148	113	55	102	154	71	132
T	16	172	31	19	14	17	25	7	148	16	67	46	32	51	54	41
C	40	91	69	18	45	89	5	26	126	89	92	59	52	22	71	37
G	65	29	145	102	101	96	227	58	33	72	53	165	138	97	127	107
align matrix:
A	304	2	4	60	74	258	4	84	155	0	64	0	324	116
T	1	127	41	253	58	39	31	61	164	1	78	7	0	7
C	4	197	253	2	64	29	266	98	0	182	120	323	0	8
G	20	3	31	14	132	2	24	83	7	146	67	0	6	199
align matrix:
A	6	277	1	159	1	57	1	329	1	1	328	0	70	2	7	75	69
T	323	42	183	0	312	24	0	1	164	0	0	173	221	315	130	117	176
C	1	2	145	0	17	38	0	0	163	1	0	155	3	1	138	13	51
G	0	9	1	170	0	211	329	0	2	328	1	1	35	11	52	122	30
align matrix:
A	42	125	1	67	25	141	15	93	134	83
T	108	48	314	73	80	40	110	11	2	71
C	116	41	5	125	110	53	144	145	135	80
G	59	111	4	59	109	90	56	76	54	88
align matrix:
A	77	103	153	96	58	172	96	61	26	45	106	61	96	131	146	143
T	18	34	67	34	68	34	62	164	144	53	63	182	61	11	39	25
C	39	165	27	35	93	61	46	25	29	102	113	28	57	67	100	25
G	187	20	76	158	104	55	118	72	123	122	39	51	107	103	26	117
align matrix:
A	0	65	66	183	101	90	179	84	9	92
T	312	114	30	13	37	8	28	69	284	174
C	10	123	69	49	58	47	68	84	27	28
G	3	22	159	80	129	180	50	88	4	30
align matrix:
A	109	28	57	52	102	107	143	150	152	68	144	60	30	147	72	82	195	74
T	105	215	57	62	66	37	20	26	14	18	89	53	195	70	59	12	6	34
C	38	23	42	102	72	50	35	90	31	119	41	44	59	23	94	122	77	58
G	54	40	150	90	66	113	111	43	112	104	40	157	30	74	89	96	33	139
align matrix:
A	52	103	179	75	51	56	48	38	218	80	146	160	59
T	29	40	17	63	86	130	79	12	23	31	23	70	35
C	127	95	67	111	66	65	81	30	47	30	18	43	102
G	100	70	46	61	107	60	103	232	25	173	120	33	110
align matrix:
A	10	56	47	73	21	140	19	76	110	93	86
T	5	63	182	162	74	74	213	35	15	29	71
C	46	136	77	6	83	50	68	44	74	30	70
G	257	62	11	75	138	52	16	161	117	164	89
++++++++++++++++++++++++++++++++++++++++++++++++++++++
######################################################
