scoring matrix:
A	-0.29	-10.00	-10.00	-10.00	-10.00	1.25	1.25	-10.00	-10.00	-10.00	-10.00	1.25	1.25	-10.00
T	-10.00	1.04	0.35	0.93	-0.75	-10.00	-10.00	-0.46	1.10	0.72	-0.05	-10.00	-10.00	0.86
C	0.98	-2.06	0.42	-0.27	0.13	-10.00	-10.00	1.12	-1.37	-1.37	-0.96	-10.00	-10.00	0.50
G	-1.76	0.44	0.19	0.03	1.02	-10.00	-10.00	-10.00	0.19	0.81	1.19	-10.00	-10.00	-10.00
scoring matrix:
A	1.06	1.25	-10.00	-0.69	0.12	-1.39	-10.00	-10.00	-10.00	-2.08	-10.00	-10.00	1.25	1.25	-10.00	-0.69	-10.00	-10.00	1.25	1.18	-10.00	-0.00	0.40	-10.00	1.25	1.25
T	-0.24	-10.00	-0.05	-0.75	-1.85	0.86	-0.46	-10.00	0.72	1.33	-10.00	0.10	-10.00	-10.00	-0.24	0.46	0.46	-10.00	-10.00	-10.00	-0.24	-0.05	-0.75	-10.00	-10.00	-10.00
C	-10.00	-10.00	1.03	0.24	0.71	-0.96	1.07	0.58	-2.06	-10.00	1.20	0.02	-10.00	-10.00	1.07	-10.00	0.83	0.13	-10.00	-10.00	0.98	-2.06	0.34	0.83	-10.00	-10.00
G	-10.00	-10.00	-10.00	0.64	-1.06	0.32	-1.76	0.88	0.88	-0.66	-1.06	0.81	-10.00	-10.00	-10.00	0.88	-10.00	1.19	-10.00	-1.06	-1.06	0.81	-1.06	0.55	-10.00	-10.00
scoring matrix:
A	-10.00	0.92	-0.42	-10.00	-10.00	-10.00	-10.00
T	0.46	-1.85	1.24	0.35	0.10	-10.00	0.55
C	0.83	-1.37	-10.00	0.71	-10.00	-0.12	-0.96
G	-10.00	-0.15	-10.00	-0.66	1.29	1.29	0.88
Start Probabilities	1.00	0.00	0.00	
Ending Probabilities	0.00	0.25	1.00	
Trasnition Probability Matrix
0.00	1.00	0.00	
0.00	0.00	0.75	
0.00	0.00	0.00	
Window size:26
Gap length:50
Match score cuttof:22.36
++++++++++++++++++++++++++++++++++++++++++++++++++++++
scoring matrix:
A	-4.28	0.35	0.37	-10.00	0.00	-0.19	-10.00	0.30	0.17	-10.00	0.75	0.82	-10.00	-2.67	-4.28	-10.00	0.86	0.86	-4.98	-0.18	-1.24	-10.00
T	0.60	-0.20	0.97	0.25	0.93	1.25	-0.15	0.53	-1.92	-0.12	-1.46	-2.46	1.19	-3.17	0.78	-0.20	-2.76	-10.00	0.71	0.39	0.77	-0.53
C	0.35	-3.83	-2.44	0.91	-3.83	-0.81	0.99	-0.63	-0.91	1.07	-4.52	-10.00	0.71	-4.52	-2.58	0.95	-10.00	-10.00	0.99	-0.88	0.73	0.30
G	0.71	0.48	-2.75	-0.09	0.25	-1.14	-0.06	-1.04	0.75	-0.52	-0.80	-1.72	-2.75	1.68	1.32	0.12	-3.44	-2.75	-10.00	0.64	-10.00	1.14
scoring matrix:
A	0.71	0.78	-10.00	0.84	0.85	-10.00	0.75	0.81
T	0.05	-10.00	-0.40	-1.56	-3.17	-3.86	-1.09	-10.00
C	-10.00	-1.96	1.14	-4.52	-2.73	1.31	-10.00	-3.83
G	-4.13	-1.19	-0.87	-10.00	-4.13	-2.75	-1.00	-1.19
Start Probabilities	0.87	0.13	
Ending Probabilities	0.16	1.00	
Trasnition Probability Matrix
0.00	0.84	
0.00	0.00	
Window size:22
Gap length:50
Match score cuttof:15.63
++++++++++++++++++++++++++++++++++++++++++++++++++++++
scoring matrix:
A	0.66	-10.00	0.10	0.32	-10.00	1.01	1.01	-10.00	0.10	-0.60	-1.29	-0.19	-1.29	-0.60	-10.00	-1.29	-10.00	1.01	1.01	-10.00	-1.29	-10.00	-10.00
T	-10.00	0.43	0.43	1.13	-0.26	-10.00	-10.00	-10.00	0.84	-10.00	1.13	1.13	-10.00	0.43	1.53	-10.00	-0.26	-10.00	-10.00	-10.00	1.13	1.35	-10.00
C	-0.00	0.51	-10.00	-10.00	0.51	-10.00	-10.00	1.20	-10.00	0.69	0.29	-10.00	0.85	-0.41	-10.00	0.51	0.29	-10.00	-10.00	1.20	-1.10	0.51	0.29
G	-10.00	0.37	0.66	-0.73	0.66	-10.00	-10.00	-10.00	0.37	-0.04	-0.73	0.37	-0.04	0.66	0.66	0.66	0.88	-10.00	-10.00	-10.00	0.66	-10.00	1.06
scoring matrix:
A	1.01	1.01	-10.00
T	-10.00	-10.00	-10.00
C	-10.00	-10.00	1.20
G	-10.00	-10.00	-10.00
scoring matrix:
A	0.66	0.50	-10.00	1.01	1.01	-10.00
T	-0.26	-0.26	-10.00	-10.00	-10.00	-10.00
C	-10.00	-0.00	0.85	-10.00	-10.00	1.20
G	-0.04	-10.00	0.37	-10.00	-10.00	-10.00
scoring matrix:
A	-10.00	-10.00	-0.60
T	-10.00	0.43	0.43
C	-10.00	0.69	-10.00
G	1.57	-0.04	1.06
Start Probabilities	0.90	0.10	0.00	0.00	
Ending Probabilities	0.00	0.00	0.10	1.00	
Trasnition Probability Matrix
0.00	1.00	0.00	0.00	
0.00	0.00	1.00	0.00	
0.00	0.00	0.00	0.90	
0.00	0.00	0.00	0.00	
Window size:23
Gap length:50
Match score cuttof:23.59
++++++++++++++++++++++++++++++++++++++++++++++++++++++
######################################################
scoring matrix:
A	-0.04	-1.86	-10.00	-1.71	-1.35	0.15	-10.00	-0.88	-1.46	-10.00	0.98	1.15	-1.26	-0.36	-10.00	-10.00	1.24	1.56	-10.00	1.11	1.57	-10.00	-0.61	-0.39	-10.00	-0.71	-1.01	-2.27	0.92	0.90	-2.27
T	0.24	1.07	0.71	-1.17	-0.23	-1.66	0.13	-1.17	-2.53	0.79	-0.19	-0.85	0.77	0.37	-2.21	-1.52	-0.12	-1.35	0.77	-0.23	-0.78	0.24	-2.12	-3.22	0.39	0.02	-0.76	-0.18	-0.10	-0.94	0.93
C	-0.47	-1.29	-0.12	0.63	-2.08	-1.12	0.95	-2.44	0.20	-0.49	-0.72	-0.09	0.12	-1.44	1.06	-1.05	-0.72	-0.60	0.46	-1.20	-0.21	0.83	-10.00	-1.29	0.69	-2.08	1.21	-0.83	-0.06	0.07	-0.62
G	0.03	-1.64	-0.60	0.22	0.67	0.71	-1.69	0.84	0.61	-0.54	-0.05	-0.17	-1.56	0.20	-0.22	0.86	-0.43	-0.33	-10.00	-0.02	-0.97	-1.36	0.91	0.85	-1.24	0.53	-2.11	0.57	-0.44	-0.01	-1.08
Start Probabilities	1.00	
Ending Probabilities	1.00	
Trasnition Probability Matrix
0.00	
Window size:31
Gap length:50
Match score cuttof:0.00
++++++++++++++++++++++++++++++++++++++++++++++++++++++
scoring matrix:
A	-2.79	-3.48	-1.09	-10.00	0.65	0.93	-3.48	-1.54	-0.96	-10.00	0.73	0.94	-10.00	0.52	0.76	-10.00	0.81	0.95	-10.00	0.34	0.65	-10.00	0.25	0.37	-10.00	0.10
T	0.66	-0.22	-2.15	-0.36	0.43	-1.05	0.52	0.42	0.91	-1.93	0.07	-1.01	-1.74	0.93	0.18	-2.84	0.19	-1.34	-0.97	0.42	-1.05	-0.26	-0.28	-2.44	0.24	1.00
C	0.42	-1.41	-10.00	0.93	-1.60	-1.01	0.75	-0.10	-0.26	-0.02	-1.41	-1.70	1.14	-1.82	-1.50	1.11	-1.82	-1.41	1.10	-1.04	-0.74	0.89	-2.03	0.25	0.12	-1.88
G	-0.79	0.91	1.10	-1.04	-0.20	0.06	-2.54	0.23	-0.48	0.81	-0.01	0.20	-2.04	-1.09	-0.12	-1.25	-0.14	0.19	-2.32	0.02	0.31	-0.93	0.60	0.05	0.29	-0.52
Start Probabilities	1.00	
Ending Probabilities	1.00	
Trasnition Probability Matrix
0.00	
Window size:26
Gap length:50
Match score cuttof:14.24
++++++++++++++++++++++++++++++++++++++++++++++++++++++
scoring matrix:
A	1.30	-10.00	0.29	-0.16	-10.00	0.69	1.13	-10.00	0.49	0.84	-2.46	-0.06	-0.09	-2.86	-10.00	-0.16	-10.00	0.59	0.81	-10.00
T	-1.03	-0.24	0.87	-0.19	-1.09	-0.36	-1.85	0.05	-0.13	-0.36	-0.54	-0.43	-0.58	0.49	0.57	0.48	-0.11	-0.06	-1.16	-0.21
C	-2.25	1.03	-1.63	-0.35	0.76	-2.59	-1.25	0.97	-2.59	-3.51	0.89	-1.63	-0.33	0.42	-1.49	0.28	0.53	0.01	-1.31	1.05
G	-0.06	-2.77	-0.30	0.34	-0.16	0.41	0.14	-3.28	0.45	0.34	-0.85	0.64	0.42	-0.47	0.50	-0.79	-0.09	-0.39	0.37	-10.00
Start Probabilities	0.00	
Ending Probabilities	0.00	
Trasnition Probability Matrix
0.00	
Window size:20
Gap length:50
Match score cuttof:0.00
++++++++++++++++++++++++++++++++++++++++++++++++++++++
######################################################
scoring matrix:
A	0.43	0.30	-0.30	0.03	0.61	0.04	-3.03	-3.78	-10.00	0.32	0.23	-0.48	0.29	-3.78	-0.23	0.07	0.53	-0.99	-3.69	0.98	0.45
T	-0.54	0.02	0.09	-0.90	-0.51	0.23	1.23	1.28	0.63	-0.44	-0.64	-0.04	-0.84	1.27	-0.19	0.30	-0.09	0.55	-1.30	-2.79	-0.93
C	0.13	-0.09	0.52	0.00	-1.44	-0.26	-10.00	-3.20	0.96	-1.24	0.58	0.41	0.43	-2.16	0.21	0.28	-0.78	0.33	-3.12	-2.48	-3.12
G	-0.64	-0.69	-0.34	0.46	-0.31	-0.19	-2.30	-10.00	-3.42	0.32	-0.69	0.17	-0.38	-10.00	0.27	-1.46	-0.81	-0.27	1.29	-3.34	0.40
scoring matrix:
A	0.23	-10.00	0.99	-1.51	0.52	-0.28	0.29	0.35	-1.09	0.05	-0.33	-2.61	-0.26	-0.30	0.85	0.01	0.17	0.73	-0.28	-0.46	-1.98	-0.55	-0.59	-1.73	-0.14	-0.56	-1.44	-0.99	-0.50	0.89	-1.10	0.32	0.93	-0.50	-0.50	-1.53
T	-0.73	-10.00	-10.00	0.44	-2.72	-10.00	-0.95	-10.00	1.00	0.25	-1.26	1.12	0.02	-2.09	-10.00	-0.40	-3.38	-10.00	0.35	0.69	0.06	0.44	0.21	1.17	-0.03	0.91	-0.97	0.54	-2.37	-3.38	0.54	-0.60	-2.11	0.25	-0.18	0.97
C	-0.24	-10.00	-10.00	0.51	0.70	-10.00	-0.05	-0.37	-0.28	-0.05	-1.05	-0.42	0.30	1.25	-10.00	-0.10	1.08	-3.07	-0.05	-2.05	0.67	0.23	0.78	-1.60	0.23	-3.07	-0.21	0.76	-0.73	-1.81	0.50	-1.17	-1.81	0.09	-2.07	-0.29
G	0.29	1.34	-3.26	-0.08	-10.00	1.08	0.18	0.47	-10.00	-0.45	0.94	-10.00	0.02	-2.63	-0.41	0.34	-10.00	0.06	-0.08	0.02	0.27	-0.27	-1.02	-3.29	0.01	-0.55	1.02	-2.65	1.03	-1.02	-0.55	0.36	-2.02	0.15	0.85	-1.02
scoring matrix:
A	0.69	-10.00	-0.41	-1.84	-2.42	-0.05	0.02	0.09	0.09	0.18	-2.09	-0.68	-4.01	1.07	-4.01	-0.18	-2.24	-0.75	0.27	-0.00	0.22	0.73	0.91	0.08	-10.00	0.54
T	-3.73	1.27	0.45	0.51	1.30	-0.63	-0.28	0.81	-0.99	0.33	0.82	0.32	-10.00	-3.73	0.69	0.83	1.32	0.48	0.32	-10.00	-0.53	-3.09	-3.79	-0.95	1.37	0.49
C	-2.72	-1.35	0.29	0.92	-10.00	-0.35	0.73	-1.81	-0.14	-1.81	-1.23	0.34	-10.00	-10.00	0.97	-1.48	-10.00	0.66	-0.07	0.81	-0.02	-0.89	-3.45	0.13	-10.00	-3.45
G	0.29	-1.71	-0.53	-1.26	-2.04	0.60	-0.96	-2.04	0.51	-0.06	0.35	-0.01	1.45	-10.00	-10.00	-0.89	-10.00	-1.10	-1.71	0.10	0.10	-0.05	-0.39	0.37	-10.00	-3.69
scoring matrix:
A	-4.04	-10.00	-0.00	-4.04	-1.35	0.64	-0.62	0.83	0.59	-1.85	0.83	-4.04	-0.25	-0.20	0.13
T	0.74	1.36	0.93	0.78	-0.64	-3.07	0.03	-0.60	-10.00	0.79	-10.00	1.15	0.41	-1.28	-0.40
C	0.93	-10.00	-2.74	0.88	0.02	0.24	0.85	-1.65	-0.11	0.52	-2.33	-0.01	-0.14	0.69	0.54
G	-10.00	-3.66	-3.66	-10.00	0.95	-0.68	-0.54	-1.47	0.01	-1.04	-0.10	-3.66	-0.15	0.23	-0.53
scoring matrix:
A	0.69	-1.22	0.70	-1.20	-0.79	0.24	-0.31	-0.21	-0.32	0.61	-1.67	-0.19	0.59	0.03	-0.54	0.63	0.54
T	-0.60	0.41	-0.72	0.87	-0.14	-0.32	-0.50	0.45	-1.00	-0.88	0.68	-1.21	-0.67	-0.33	-2.05	-1.12	-0.58
C	-1.29	0.87	-1.48	-0.05	0.17	-1.10	0.71	0.10	-2.22	-0.74	0.70	-1.28	-0.26	-0.22	-1.73	-1.54	-0.49
G	-0.64	-1.51	-0.49	-0.91	0.57	0.35	-0.03	-0.60	1.00	-0.23	-1.40	0.93	-0.67	0.35	1.14	0.02	-0.33
scoring matrix:
A	-3.37	-3.37	0.30	0.58	0.40	-1.76	-1.87	1.00	0.12	0.12	-1.76	-0.12	0.06	-1.50	-0.14	-10.00
T	-3.79	-10.00	-0.32	-1.71	-1.08	0.64	-0.90	-1.30	-0.90	-1.71	0.78	-0.12	0.53	-1.22	-0.00	-3.09
C	-10.00	-10.00	0.46	-3.45	-0.68	0.82	1.27	-3.45	-3.45	0.35	0.69	-0.05	-3.45	1.18	0.35	1.69
G	1.46	1.46	-1.12	0.42	0.34	-1.61	-0.13	-2.99	0.80	0.32	-2.08	0.28	-0.10	0.12	-0.16	-3.69
scoring matrix:
A	1.07	0.20	0.44	-0.55	0.07	-0.05	-0.34	-0.27	-1.33	-2.64	0.05	0.46	-1.21	-0.61	-0.41	-0.75	-0.72	-1.45	0.52	-1.52	-3.95	-10.00	0.21	0.57	0.58	-0.67	-0.78	-0.01	-0.08	0.41	-2.40	-0.07	-3.27	1.04	-10.00	0.14	0.98	-1.37	-1.37	0.60	-2.60
T	-3.73	-3.73	-1.56	0.82	-0.14	0.14	0.66	0.39	-10.00	-1.06	-0.44	-1.46	1.23	0.56	0.62	0.54	0.45	0.93	0.42	0.58	-0.05	0.34	-1.35	-0.10	-0.71	0.56	-1.66	-2.62	-0.54	-0.33	1.31	0.46	-3.00	-10.00	0.29	-2.10	-10.00	0.54	1.21	0.14	0.64
C	-10.00	-10.00	-0.54	0.08	0.32	-1.13	0.32	0.45	-2.32	0.99	0.19	0.08	-2.03	-0.14	-1.03	0.73	-0.14	-0.03	-1.45	0.39	1.31	1.14	-0.21	-1.79	-0.10	0.63	0.83	0.65	-0.03	0.06	-2.69	-0.25	-3.35	-3.35	1.26	1.14	-1.78	0.81	-1.32	-3.35	0.68
G	-10.00	0.92	0.33	-2.04	-0.30	0.36	-2.55	-1.02	1.35	0.54	0.13	-0.09	-10.00	-0.06	0.04	-2.04	0.19	-0.93	-10.00	-0.13	-1.33	-1.33	0.48	-0.44	-0.77	-1.84	0.50	0.26	0.47	-0.66	-10.00	-0.47	1.41	-2.51	-10.00	-10.00	-1.43	-1.33	-10.00	-1.00	-0.60
scoring matrix:
A	0.48	-3.98	0.01	1.01	0.88	0.44	-0.33	0.57	0.01	-0.61	0.29	0.05	-0.76	-1.16	0.19	-0.46	0.18	-0.16	0.26	-0.91	-0.71	0.59	0.93	0.47	-1.29	0.20	-0.97	-1.90	0.90	-3.89	-1.67	-1.49	0.12	0.48	-1.17	0.35	-10.00	1.04	-4.04	1.00	-2.10	-2.26	-2.92	1.08	-4.01	-3.30	1.06	-3.95	-0.22
T	-1.55	1.23	-1.18	-10.00	-3.02	-1.55	-0.27	-0.30	0.14	-3.02	0.59	-0.97	0.19	0.80	-0.14	-1.31	-10.00	0.01	-1.15	1.01	-0.22	-2.30	-2.58	-1.02	0.73	0.17	0.45	1.18	-1.63	0.76	-0.83	-0.31	-0.02	-2.98	-10.00	-0.79	1.34	-2.14	0.90	-1.57	1.25	-2.16	-10.00	-10.00	0.74	-10.00	-3.70	0.77	0.75
C	-3.38	-0.78	0.91	-1.79	-0.21	-1.79	-1.22	-2.30	0.25	0.09	-1.61	-0.33	0.99	-0.98	-0.19	0.46	-0.75	0.35	-0.23	-0.82	0.38	0.01	-1.43	-0.52	-0.91	-1.19	0.74	-1.98	-0.69	0.82	-2.24	-0.12	0.31	0.74	-2.65	0.07	-3.38	-10.00	0.71	-2.05	-1.04	-3.43	-3.40	-10.00	0.92	-10.00	-10.00	0.85	-2.65
G	0.53	-2.02	-0.57	-1.84	-2.53	0.53	0.79	-0.17	-0.52	0.96	-1.45	0.60	-1.81	0.08	-0.04	0.62	0.78	-0.15	0.38	-1.13	0.46	-0.25	-1.22	0.12	0.27	0.01	-0.99	-1.14	-2.88	-2.86	1.23	0.90	-0.60	-1.53	1.31	-0.07	-10.00	-3.63	-10.00	-3.66	-10.00	1.39	1.43	-10.00	-10.00	1.44	-2.92	-10.00	-0.28
scoring matrix:
A	-0.78	-1.44	-0.07	-0.44	0.64	0.11	-0.31	0.60	-0.01	0.79	-3.81	-0.22	0.25	0.34	0.18	-0.12	0.65	0.08	0.43	-0.29	0.01	-1.45
T	-0.01	1.11	-0.31	-1.04	-0.75	0.11	-1.11	-0.97	-0.35	-1.46	1.28	0.15	-1.18	-0.12	-0.38	-3.54	-1.27	-0.70	0.03	0.91	0.07	0.59
C	0.99	-1.89	-0.13	-0.17	-0.21	-0.95	-0.21	-0.72	0.25	-0.79	-2.18	0.58	0.06	-1.91	-0.13	0.06	-0.59	-0.59	-0.21	-10.00	0.03	-1.25
G	-0.93	-1.00	0.39	0.83	-1.01	0.16	0.80	-0.16	0.10	-0.88	-10.00	-0.76	0.25	0.16	0.14	0.75	-0.29	0.57	-1.17	-0.88	-0.13	0.54
scoring matrix:
A	-0.02	0.72	0.15	-0.88	-0.46	-0.26	-0.88	-0.36	0.35	0.39	-10.00	-0.14	0.11	0.26	-0.05	-0.42	-3.17	-0.27	1.00	0.98
T	-2.21	-2.01	-0.45	0.19	1.00	-0.09	-10.00	-10.00	-0.02	0.05	1.30	-0.12	-1.36	-0.61	-0.03	-0.07	1.28	-0.66	-10.00	-10.00
C	-1.36	-0.21	0.03	1.01	-3.22	0.34	-2.18	-3.22	-0.21	0.17	-10.00	0.54	0.25	0.52	-0.26	0.54	-2.20	0.67	-1.71	-10.00
G	0.91	-0.70	0.12	-1.92	-1.26	0.10	1.24	1.14	-0.60	-3.45	-10.00	-0.32	0.34	-0.70	0.24	-0.00	-10.00	0.09	-2.81	-1.28
scoring matrix:
A	-0.75	0.56	0.52	-0.45	1.03	1.04	0.56	0.94	-2.81	-0.02	0.49	0.42	0.34	0.90	-2.81	-0.11	-0.40
T	0.19	-1.81	-2.46	-0.47	-10.00	-10.00	-3.60	-0.88	-3.60	-0.18	-2.05	-2.54	-1.00	-2.54	1.29	0.25	0.35
C	-0.03	-0.09	-1.11	-0.58	-3.27	-10.00	-10.00	-10.00	1.55	0.29	0.75	-2.61	-0.22	-3.27	-3.27	0.59	-1.55
G	0.44	-0.21	0.38	0.80	-2.83	-3.50	0.52	-10.00	-1.20	-0.06	-2.44	0.65	0.22	-0.62	-3.50	-1.78	0.48
Start Probabilities	0.73	0.08	0.13	0.05	0.00	0.01	0.01	0.00	0.00	0.00	0.00	
Ending Probabilities	0.01	0.00	0.01	0.03	0.00	0.00	0.02	0.10	0.00	0.10	1.00	
Trasnition Probability Matrix
0.00	0.70	0.22	0.04	0.00	0.01	0.02	0.00	0.00	0.00	0.00	
0.00	0.00	0.92	0.06	0.00	0.00	0.00	0.02	0.00	0.00	0.00	
0.00	0.00	0.00	0.74	0.00	0.19	0.03	0.01	0.01	0.02	0.00	
0.00	0.00	0.00	0.00	0.39	0.43	0.10	0.01	0.01	0.02	0.00	
0.00	0.00	0.00	0.00	0.00	0.96	0.04	0.00	0.00	0.00	0.00	
0.00	0.00	0.00	0.00	0.00	0.00	0.80	0.15	0.00	0.04	0.02	
0.00	0.00	0.00	0.00	0.00	0.00	0.00	0.88	0.07	0.02	0.02	
0.00	0.00	0.00	0.00	0.00	0.00	0.00	0.00	0.42	0.35	0.13	
0.00	0.00	0.00	0.00	0.00	0.00	0.00	0.00	0.00	0.88	0.12	
0.00	0.00	0.00	0.00	0.00	0.00	0.00	0.00	0.00	0.00	0.90	
0.00	0.00	0.00	0.00	0.00	0.00	0.00	0.00	0.00	0.00	0.00	
Window size:49
Gap length:400
Match score cuttof:16.09
++++++++++++++++++++++++++++++++++++++++++++++++++++++
scoring matrix:
A	-10.00	0.65	-4.10	0.02	0.44	0.07	-0.01	0.83	1.11	-0.24	-4.10	-0.67	-10.00	-10.00	0.99	-10.00	-3.70	0.31	-0.33	0.57	-0.97	-1.36	0.84	-4.79
T	0.94	-1.19	1.33	-0.10	-1.75	-1.95	-1.58	-4.52	-10.00	-0.46	1.39	1.10	0.56	1.40	-0.65	0.94	-3.83	-2.22	0.12	0.40	-3.83	0.38	-3.41	1.37
C	0.65	-1.88	-1.14	0.65	0.70	-0.34	0.24	0.14	-4.27	-0.39	-10.00	-10.00	1.07	-10.00	-10.00	0.64	1.16	0.99	0.11	-1.88	0.80	0.79	-1.78	-1.88
G	-10.00	0.14	-10.00	-1.11	-1.29	0.71	0.49	-2.07	-2.86	0.66	-10.00	-1.21	-4.47	-10.00	-10.00	-10.00	0.45	-3.09	0.15	-2.17	0.63	-0.60	-0.14	-10.00
scoring matrix:
A	-0.09	-10.00	0.99	-10.00	0.08	-1.74	-1.65	-1.74	1.04	-10.00	-1.39	1.04	-1.96	0.83	-3.87	-1.01	-1.01	-1.72	-0.58	0.40	-10.00	0.12	-1.82	-3.17
T	-0.49	1.32	-0.97	0.92	-0.27	0.55	-0.06	-10.00	-10.00	0.76	-10.00	-10.00	0.82	-1.12	1.16	0.39	-0.93	1.09	0.06	-0.11	1.32	0.25	0.61	1.28
C	0.11	-1.95	-10.00	0.53	-10.00	0.50	0.37	-10.00	-10.00	0.84	-10.00	-10.00	0.64	-2.05	-1.39	-0.02	-0.42	-0.56	-0.18	-0.69	-2.70	-0.92	0.74	-2.02
G	0.36	-10.00	-4.25	-2.39	0.65	-0.22	0.57	1.34	-1.45	-10.00	1.33	-1.65	-10.00	-0.57	-0.66	0.31	1.00	-1.19	0.51	-0.19	-3.55	-0.00	-1.18	-2.87
Start Probabilities	0.94	0.06	
Ending Probabilities	0.16	1.00	
Trasnition Probability Matrix
0.00	0.84	
0.00	0.00	
Window size:24
Gap length:400
Match score cuttof:15.76
++++++++++++++++++++++++++++++++++++++++++++++++++++++
scoring matrix:
A	-0.31	-0.21	0.71	-0.54	-0.24	0.83	0.41	-0.60	-2.42	-0.43	0.72	0.45	-0.20	0.35	0.35
T	-0.47	-0.88	-1.42	-0.40	-2.58	-0.54	-0.85	0.55	1.16	-0.26	-0.96	0.02	-0.24	0.00	-2.89
C	0.29	-0.01	-1.25	0.04	-0.67	-1.15	-0.54	0.46	-0.50	0.45	-0.28	-0.77	0.32	-0.87	0.18
G	0.31	0.58	0.13	0.56	0.92	-0.75	0.29	-1.55	-2.42	0.09	-0.61	-0.24	0.06	0.01	0.16
scoring matrix:
A	-3.00	1.09	-2.61	0.42	0.22	-0.18	-1.18	-2.08	-0.15	-0.42
T	1.31	-1.26	0.61	-1.61	-0.74	-1.68	-1.68	0.27	-0.08	-0.15
C	-2.38	-4.12	0.74	0.22	0.08	0.14	1.10	0.98	-0.33	-0.75
G	-2.46	-1.73	-1.80	-0.08	0.14	0.60	-0.43	-3.08	0.40	0.69
scoring matrix:
A	0.16	-0.00	-0.07	-0.95	0.60	-2.61	0.49	0.21	-0.98	-0.12	-0.39	-0.55	-1.33	-2.13	-3.29	0.57	0.32	-0.25	0.10	-1.62	-0.87	0.13	0.63	-0.98
T	-2.44	-0.97	-0.07	1.23	-1.04	0.63	-0.79	-0.03	0.09	0.17	-0.21	0.30	1.26	1.28	0.75	0.05	0.71	0.25	-2.64	1.20	0.23	0.72	-0.36	0.19
C	0.81	0.50	-0.22	-2.38	-0.01	0.76	0.41	-0.49	0.61	-0.35	0.41	0.39	-2.00	-2.25	0.57	-0.72	-1.38	0.29	-2.40	-1.02	0.36	-0.84	-0.18	0.65
G	-0.69	-0.00	0.28	-4.19	-0.44	-2.46	-1.17	0.10	-0.16	0.20	0.09	-0.36	-4.20	-1.98	-1.47	-0.69	-1.80	-0.41	0.94	-2.08	0.01	-1.22	-0.92	-0.43
scoring matrix:
A	-1.89	0.62	0.00	0.19	0.15	-4.50	-0.76	-0.69	-10.00	-0.37	-4.52	1.19
T	0.16	-2.95	-10.00	-0.07	-3.26	1.38	0.47	-2.42	1.38	-0.19	-2.97	-2.29
C	1.04	0.65	-2.88	-1.08	-3.59	-2.49	0.13	-2.35	-1.99	-0.18	1.44	-10.00
G	-2.88	-2.74	1.04	0.35	0.97	-4.35	-0.11	1.19	-10.00	0.52	-2.43	-2.08
scoring matrix:
A	-0.17	-1.78	0.97	-3.06	-1.00	-1.13	-0.89	0.50	-3.06	-0.20	-1.54	0.04	-2.27	0.41	0.77	-0.88	0.25	0.44	-0.74	0.16
T	-0.07	-0.68	-1.49	0.22	0.30	0.21	-0.27	-0.46	1.33	0.06	0.84	0.18	0.01	-2.68	-0.04	0.20	-0.83	-0.08	0.18	-0.62
C	-0.24	1.26	-4.19	0.82	-0.22	0.58	0.00	0.19	-1.61	0.28	-1.26	-0.56	1.04	0.27	-2.62	0.43	0.23	-1.74	0.38	0.45
G	0.36	-2.91	-0.36	-0.41	0.45	-0.21	0.64	-0.95	-10.00	-0.15	0.22	0.15	-1.21	0.02	-0.69	-0.05	-0.02	0.16	-0.02	-0.31
scoring matrix:
A	-1.37	-0.40	0.02	0.95	0.89	0.53	-2.73	-3.81	0.28	0.96	-0.79	0.02	-0.86
T	-10.00	-3.27	-0.12	-0.61	-0.87	-0.68	-4.34	-10.00	-0.44	-1.70	-0.75	-0.77	-0.60
C	-4.30	-2.69	0.36	-0.90	-2.89	-1.12	-4.27	-4.27	0.37	-0.51	1.12	0.06	1.11
G	1.32	1.16	-0.38	-1.97	-0.27	0.24	1.37	1.38	-0.60	-1.32	-1.47	0.37	-1.59
scoring matrix:
A	-0.19	-3.79	-3.39	-0.40	0.42	-3.40	-0.05	-0.34	0.95	-0.24	-0.15	-0.05
T	-0.27	-1.13	-4.30	0.01	-1.48	1.10	-0.26	-1.21	-1.05	-0.23	-1.33	-2.23
C	0.33	-3.15	0.76	0.63	-0.35	-0.08	0.30	-0.20	-1.14	0.40	0.95	-0.75
G	0.07	1.29	0.69	-0.57	0.35	-1.72	-0.04	0.78	-0.93	-0.00	-0.95	0.87
scoring matrix:
A	0.69	-0.01	0.56	0.18	-1.51	0.63	-1.76	0.58	-0.78	-1.02	-0.45	-0.32	0.38	0.20	-0.35	0.08	-1.13	0.04	-1.21	-0.25	0.01
T	-1.59	-1.35	-0.25	-0.11	0.32	0.34	0.72	-0.41	0.98	0.56	-0.17	-1.18	-0.66	-0.72	-0.21	0.06	0.47	0.07	0.30	0.54	-1.33
C	-0.40	0.32	-0.38	-0.03	0.23	-1.58	0.25	-1.41	-0.55	-0.32	0.74	-0.27	-0.92	0.07	0.14	0.20	-0.20	-0.89	0.74	-0.22	0.17
G	-0.17	0.31	-0.50	-0.10	0.23	-1.32	-0.48	0.09	-1.08	0.22	-0.59	0.79	0.39	0.15	0.33	-0.45	0.29	0.35	-0.89	-0.33	0.41
scoring matrix:
A	-0.34	1.10	1.23	0.81	-0.40	-1.98	-0.47	-10.00	1.24	-10.00
T	-0.53	-10.00	-4.37	-10.00	0.22	0.89	-0.07	-4.35	-10.00	0.76
C	-0.25	-0.62	-3.61	-3.61	0.01	-0.67	0.36	-10.00	-10.00	0.74
G	0.66	-3.00	-3.00	0.36	0.13	0.04	0.10	1.39	-10.00	-3.68
scoring matrix:
A	-10.00	0.47	-3.84	-10.00	-2.24	-4.53	0.36	0.32	-1.36	0.70	-0.91
T	1.38	0.73	0.48	1.40	1.35	0.85	0.33	0.51	-0.97	0.01	-10.00
C	-2.88	-2.36	0.97	-2.92	-2.11	0.64	-0.62	-0.18	0.49	-0.40	0.24
G	-3.25	-2.78	-4.38	-10.00	-10.00	-10.00	-0.63	-2.99	0.64	-2.40	0.88
scoring matrix:
A	0.77	-0.95	-0.12	0.69	0.57	0.28	-0.30	0.91	-1.61	0.46	0.19	-0.52	0.09	0.50	-0.26	0.36
T	-1.56	0.76	-0.93	-1.42	-1.70	-1.51	-1.13	-2.38	0.62	-1.57	-0.16	-0.53	-0.88	-0.42	-0.36	-0.60
C	-0.59	0.20	-0.07	-1.40	-0.48	0.19	-2.65	-1.02	0.53	0.19	0.22	-0.21	-0.33	-1.18	-0.03	-0.63
G	-0.20	-1.01	0.58	0.23	0.23	0.18	1.03	-0.31	-0.87	-0.10	-0.40	0.71	0.54	0.19	0.46	0.31
scoring matrix:
A	1.16	-3.83	-3.14	-0.45	-0.24	1.00	-3.09	-0.10	0.50	-10.00	-0.38	-10.00	1.23	0.20
T	-4.35	0.46	-0.66	1.15	-0.31	-0.71	-0.92	-0.25	0.72	-4.35	-0.02	-2.43	-10.00	-2.43
C	-2.90	0.97	1.22	-3.59	-0.15	-0.93	1.26	0.28	-10.00	0.89	0.48	1.46	-10.00	-2.23
G	-1.39	-3.27	-0.95	-1.74	0.49	-3.66	-1.18	0.04	-2.40	0.59	-0.19	-10.00	-2.59	0.90
scoring matrix:
A	-2.75	1.07	-4.53	0.52	-4.53	-0.50	-4.53	1.24	-4.53	-4.53	1.24	-10.00	-0.30	-3.83	-2.56	-0.22	-0.30
T	1.39	-0.64	0.83	-10.00	1.36	-1.20	-10.00	-4.37	0.72	-10.00	-10.00	0.77	1.01	1.37	0.49	0.38	0.79
C	-4.30	-3.61	0.66	-10.00	-1.47	-0.67	-10.00	-10.00	0.78	-4.30	-10.00	0.73	-3.19	-4.28	0.62	-1.72	-0.36
G	-10.00	-2.19	-4.38	0.74	-10.00	0.95	1.40	-10.00	-3.69	1.39	-4.36	-4.36	-0.83	-1.98	-0.43	0.41	-0.97
scoring matrix:
A	-0.78	0.29	-4.43	-0.32	-1.28	0.41	-1.79	-0.00	0.36	-0.10
T	0.31	-0.49	1.36	-0.07	0.02	-0.66	0.33	-1.93	-3.61	-0.09
C	0.45	-0.57	-2.63	0.52	0.40	-0.32	0.66	0.67	0.60	0.09
G	-0.30	0.32	-2.93	-0.29	0.31	0.12	-0.35	-0.05	-0.38	0.10
scoring matrix:
A	-0.17	0.11	0.49	0.04	-0.46	0.61	0.04	-0.40	-1.23	-0.70	0.14	-0.40	0.04	0.36	0.46	0.45
T	-1.42	-0.81	-0.15	-0.81	-0.14	-0.81	-0.22	0.72	0.60	-0.38	-0.20	0.82	-0.24	-1.82	-0.62	-1.03
C	-0.60	0.80	-0.97	-0.72	0.24	-0.17	-0.45	-1.04	-0.89	0.33	0.43	-0.93	-0.23	-0.05	0.33	-0.96
G	0.84	-1.34	-0.04	0.67	0.26	-0.35	0.39	-0.09	0.43	0.42	-0.68	-0.43	0.30	0.28	-1.01	0.40
scoring matrix:
A	-10.00	-0.35	-0.33	0.66	0.08	-0.03	0.64	-0.10	-2.28	-0.01
T	1.35	0.36	-0.94	-1.77	-0.74	-2.25	-1.02	-0.13	1.26	0.78
C	-1.96	0.51	-0.06	-0.40	-0.23	-0.44	-0.08	0.13	-0.98	-0.94
G	-3.22	-1.26	0.68	0.00	0.47	0.80	-0.46	0.10	-2.93	-0.95
scoring matrix:
A	0.20	-1.05	-0.40	-0.48	0.14	0.18	0.45	0.49	0.51	-0.25	0.45	-0.38	-1.04	0.47	-0.21	-0.08	0.74	-0.15
T	0.32	0.98	-0.24	-0.17	-0.11	-0.65	-1.23	-0.99	-1.57	-1.33	0.15	-0.34	0.89	-0.08	-0.24	-1.74	-2.38	-0.72
C	-0.55	-1.02	-0.46	0.36	0.04	-0.30	-0.64	0.24	-0.76	0.50	-0.52	-0.45	-0.17	-1.07	0.27	0.52	0.09	-0.16
G	-0.30	-0.58	0.64	0.17	-0.12	0.38	0.36	-0.53	0.36	0.29	-0.62	0.68	-0.89	-0.04	0.14	0.21	-0.79	0.57
scoring matrix:
A	-0.49	0.14	0.66	-0.16	-0.52	-0.44	-0.58	-0.81	0.84	-0.11	0.47	0.56	-0.37
T	-0.88	-0.58	-1.38	-0.17	0.13	0.51	0.04	-1.74	-1.13	-0.85	-1.09	-0.05	-0.69
C	0.56	0.29	-0.04	0.43	-0.06	-0.07	0.13	-0.80	-0.39	-0.82	-1.25	-0.44	0.36
G	0.26	-0.07	-0.47	-0.21	0.32	-0.23	0.28	1.04	-1.06	0.77	0.43	-0.76	0.35
scoring matrix:
A	-2.12	-0.46	-0.63	-0.20	-1.39	0.42	-1.49	-0.17	0.19	0.03	-0.05
T	-2.63	-0.19	0.83	0.72	-0.03	-0.03	0.98	-0.75	-1.56	-0.93	-0.07
C	-0.43	0.61	0.07	-2.36	0.14	-0.34	-0.05	-0.46	0.03	-0.83	-0.02
G	1.15	-0.22	-1.87	-0.03	0.55	-0.38	-1.51	0.70	0.39	0.71	0.13
Start Probabilities	0.13	0.28	0.10	0.31	0.02	0.03	0.00	0.00	0.09	0.02	0.00	0.02	0.00	0.00	0.00	0.00	0.00	0.00	0.00	
Ending Probabilities	0.00	0.00	0.00	0.00	0.00	0.01	0.00	0.00	0.02	0.05	0.00	0.12	0.44	0.56	0.68	0.77	0.27	0.33	1.00	
Trasnition Probability Matrix
0.00	0.40	0.00	0.60	0.00	0.00	0.00	0.00	0.00	0.00	0.00	0.00	0.00	0.00	0.00	0.00	0.00	0.00	0.00	
0.00	0.00	0.20	0.57	0.00	0.06	0.00	0.00	0.15	0.02	0.00	0.00	0.00	0.00	0.00	0.00	0.00	0.00	0.00	
0.00	0.00	0.00	0.91	0.02	0.07	0.00	0.00	0.00	0.00	0.00	0.00	0.00	0.00	0.00	0.00	0.00	0.00	0.00	
0.00	0.00	0.00	0.00	0.15	0.41	0.04	0.00	0.21	0.17	0.00	0.01	0.01	0.00	0.00	0.00	0.00	0.00	0.00	
0.00	0.00	0.00	0.00	0.00	0.60	0.33	0.00	0.02	0.02	0.00	0.00	0.02	0.00	0.00	0.00	0.00	0.00	0.00	
0.00	0.00	0.00	0.00	0.00	0.00	0.34	0.03	0.53	0.06	0.00	0.01	0.01	0.01	0.00	0.00	0.00	0.00	0.00	
0.00	0.00	0.00	0.00	0.00	0.00	0.00	0.21	0.68	0.04	0.00	0.07	0.00	0.00	0.00	0.00	0.00	0.00	0.00	
0.00	0.00	0.00	0.00	0.00	0.00	0.00	0.00	1.00	0.00	0.00	0.00	0.00	0.00	0.00	0.00	0.00	0.00	0.00	
0.00	0.00	0.00	0.00	0.00	0.00	0.00	0.00	0.00	0.75	0.06	0.11	0.05	0.00	0.00	0.00	0.00	0.00	0.00	
0.00	0.00	0.00	0.00	0.00	0.00	0.00	0.00	0.00	0.00	0.01	0.68	0.26	0.00	0.00	0.00	0.00	0.00	0.00	
0.00	0.00	0.00	0.00	0.00	0.00	0.00	0.00	0.00	0.00	0.00	0.18	0.82	0.00	0.00	0.00	0.00	0.00	0.00	
0.00	0.00	0.00	0.00	0.00	0.00	0.00	0.00	0.00	0.00	0.00	0.00	0.80	0.01	0.00	0.01	0.00	0.05	0.01	
0.00	0.00	0.00	0.00	0.00	0.00	0.00	0.00	0.00	0.00	0.00	0.00	0.00	0.22	0.05	0.16	0.08	0.02	0.02	
0.00	0.00	0.00	0.00	0.00	0.00	0.00	0.00	0.00	0.00	0.00	0.00	0.00	0.00	0.13	0.08	0.00	0.21	0.02	
0.00	0.00	0.00	0.00	0.00	0.00	0.00	0.00	0.00	0.00	0.00	0.00	0.00	0.00	0.00	0.32	0.00	0.00	0.00	
0.00	0.00	0.00	0.00	0.00	0.00	0.00	0.00	0.00	0.00	0.00	0.00	0.00	0.00	0.00	0.00	0.07	0.00	0.16	
0.00	0.00	0.00	0.00	0.00	0.00	0.00	0.00	0.00	0.00	0.00	0.00	0.00	0.00	0.00	0.00	0.00	0.73	0.00	
0.00	0.00	0.00	0.00	0.00	0.00	0.00	0.00	0.00	0.00	0.00	0.00	0.00	0.00	0.00	0.00	0.00	0.00	0.67	
0.00	0.00	0.00	0.00	0.00	0.00	0.00	0.00	0.00	0.00	0.00	0.00	0.00	0.00	0.00	0.00	0.00	0.00	0.00	
Window size:24
Gap length:400
Match score cuttof:20.23
++++++++++++++++++++++++++++++++++++++++++++++++++++++
######################################################
Start Probability:0.04	0.96	0.00
End Probability:0.22	0.10	0.68
Transition Probability:
0.23	0.03	0.74
0.62	0.15	0.22
0.80	0.20	0.00
Gap Length:10000
