align matrix:
A	11	0	1	284	282	0	66	0	0	283	281	0	271	283	0	113	71	22	5	0	45
T	56	64	16	0	0	217	71	42	26	0	0	226	4	0	102	4	1	137	147	27	88
C	51	192	6	1	2	67	32	225	7	0	2	59	1	0	182	25	176	52	58	235	114
G	167	29	262	0	1	1	116	18	252	2	2	0	9	2	0	143	37	74	75	23	38
align matrix:
A	36	4	1	270	274	0	123	0	3	276	281	0	33	0	0	284	284	0	196	33	0	100	0	0
T	226	0	52	4	0	209	71	3	23	6	0	241	7	6	32	0	0	166	30	249	28	21	0	57
C	0	258	6	6	6	67	46	236	33	0	2	40	48	228	3	0	0	119	1	0	246	0	24	153
G	23	23	226	5	5	9	45	46	226	3	2	4	197	51	250	1	1	0	58	3	11	164	261	75
++++++++++++++++++++++++++++++++++++++++++++++++++++++
align matrix:
A	13	3	266	273	0	58	11	1	287	276	0	137	130	0	290	290	0	243	148	1	23	29	1	27	31	2	111	105	10
T	3	57	15	7	137	74	63	10	4	0	33	125	10	15	1	0	32	21	128	69	20	10	117	140	95	95	13	5	66
C	117	132	0	2	155	23	158	89	1	0	252	0	66	146	2	2	259	11	2	217	14	71	101	15	120	111	132	0	191
G	161	102	13	12	2	139	62	194	2	18	9	32	88	133	1	2	3	19	16	7	237	184	75	112	48	86	10	184	27
++++++++++++++++++++++++++++++++++++++++++++++++++++++
align matrix:
A	29	29	0	24	0	1	0	1	0	29	23	6	0	0	0	29	29	0	0	0	0	21	3	0	26	20	0	0	0	0	29	26	0	3	0	0
T	0	0	0	0	0	9	27	0	0	0	6	0	6	29	0	0	0	0	29	29	24	2	0	24	2	0	27	2	0	1	0	0	0	24	26	0
C	0	0	29	0	3	18	2	0	3	0	0	23	2	0	1	0	0	29	0	0	5	0	2	4	0	2	0	0	2	26	0	0	29	0	3	18
G	0	0	0	5	26	1	0	28	26	0	0	0	21	0	28	0	0	0	0	0	0	6	24	1	1	7	2	27	27	2	0	3	0	2	0	11
align matrix:
A	29	29	0
T	0	0	0
C	0	0	29
G	0	0	0
align matrix:
A	27	27	0	27	27	0	29	29	0
T	0	0	0	2	2	0	0	0	0
C	2	2	27	0	0	27	0	0	29
G	0	0	2	0	0	2	0	0	0
++++++++++++++++++++++++++++++++++++++++++++++++++++++
######################################################
align matrix:
A	84	137	0	135	72	1	97	145	0	4	13	2	167	157	2	26	35	0	125	180	0	108	162	1	142	173	2	101	135	0	102
T	136	125	50	129	27	37	38	25	135	35	4	36	86	26	97	67	194	15	93	13	15	174	60	37	96	19	16	133	44	63	37
C	37	15	278	12	123	252	16	53	186	18	5	299	21	59	241	88	87	147	20	15	340	23	30	275	36	28	308	42	46	245	29
G	102	82	31	83	132	69	208	136	36	302	337	22	85	117	19	178	43	197	121	151	3	54	107	46	85	139	33	83	134	51	191
++++++++++++++++++++++++++++++++++++++++++++++++++++++
align matrix:
A	134	0	17	0	0	112	128	0	105	4	0	0	1	0
T	31	250	9	0	31	62	22	188	62	238	9	15	1	87
C	65	28	43	229	0	27	39	90	6	3	261	0	14	157
G	50	2	211	51	249	79	91	2	107	35	7	265	260	36
++++++++++++++++++++++++++++++++++++++++++++++++++++++
align matrix:
A	0	23	10	0	55	104	0	23	21	1	80	96	1	62	71	0	8
T	98	51	11	5	67	31	43	120	24	14	51	17	21	67	111	35	5
C	113	18	105	105	30	10	159	16	46	68	11	15	191	33	9	175	6
G	5	124	90	95	64	71	14	57	125	133	74	88	0	54	25	6	197
++++++++++++++++++++++++++++++++++++++++++++++++++++++
######################################################
align matrix:
A	117	303	1	117	118	34	106	63	181	112	130	104	62	46	255	53	322	325	0	95	5	70	91	146	117	78	145	114	10	7	65	53	189	51	140	290	178	229	261	78	10	6	187
T	35	6	335	128	115	188	121	115	0	93	67	190	86	52	2	137	13	24	187	121	336	65	45	52	53	28	121	73	39	8	69	109	149	151	36	17	65	13	5	62	22	90	46
C	20	4	13	71	20	40	103	10	131	53	62	24	84	7	76	123	4	0	164	129	2	76	134	8	86	159	28	74	1	336	93	63	14	145	75	9	31	64	45	95	0	259	86
G	177	36	1	33	96	87	21	163	39	93	92	33	120	247	20	41	15	5	3	9	11	143	84	148	98	89	61	94	305	4	128	130	2	7	103	38	80	49	44	120	323	1	36
align matrix:
A	0	238	11	112	195	144	121	287	363	116	1	64	1	0	341	0	4	170	88	214	53	31	293	1	177
T	227	45	341	89	13	17	18	2	0	45	374	287	160	378	38	245	3	3	112	143	2	132	5	365	124
C	152	3	15	150	151	44	88	77	1	35	1	4	215	0	0	133	241	204	78	15	166	167	9	13	58
G	0	93	12	28	20	174	152	13	15	181	3	21	3	1	0	1	131	2	101	7	158	49	72	0	20
align matrix:
A	56	5	102	305	238	189	122	158	84	212	99	157	98	31	54	175	79	157	171	139	72	258	219	134	194	15
T	147	358	37	8	124	39	64	4	80	34	168	65	127	341	86	12	8	5	27	13	23	25	106	53	144	360
C	134	12	40	41	0	28	57	152	95	25	74	63	74	4	124	161	26	122	157	4	83	42	29	43	13	3
G	39	1	197	20	14	120	133	62	118	106	36	92	78	1	113	29	264	93	22	221	199	52	24	148	27	0
align matrix:
A	44	131	22	123	13	107	0	313	0	131	0	26	2	347	0	27	348	1	270	2	28	44	26	68	183	1	136	17	7
T	245	195	115	10	6	50	338	32	221	70	146	86	0	1	204	0	0	218	23	319	165	36	276	100	63	360	130	186	344
C	18	18	176	204	1	90	9	0	119	0	130	79	1	0	144	0	0	130	8	1	64	41	40	72	35	5	23	151	12
G	38	3	34	10	327	100	0	2	7	146	71	156	345	0	1	322	1	0	62	47	112	248	27	129	87	2	79	14	4
++++++++++++++++++++++++++++++++++++++++++++++++++++++
align matrix:
A	115	113	120	68	103	126	84	1	92	25	166	114	137	1	61	66	31	79	53	5	22	32	29	85	52	146	39	53	13	14	77	68	73	6	229	9	121	44	102	128	0	53	46	1	80	32	216	68
T	19	71	19	48	92	33	1	1	14	11	31	46	1	228	94	117	150	71	19	1	98	50	32	57	35	0	109	171	217	80	18	27	64	0	0	107	2	0	60	0	224	124	10	228	45	4	2	79
C	21	3	33	74	21	23	145	0	25	48	22	11	0	1	23	13	41	52	1	166	97	18	141	62	61	68	34	0	2	125	112	12	55	0	0	113	111	0	24	2	14	33	2	9	37	197	0	49
G	72	40	58	39	13	47	0	228	99	146	11	59	92	0	54	36	10	29	157	58	13	130	27	25	81	14	48	8	0	13	25	125	40	226	6	5	1	192	52	108	0	28	180	0	76	5	20	41
align matrix:
A	32	0	182	0	152	19	49	18	7	95	171	188	160	76	12	63	0	249	0	121	5	54	110	107	121	107	97	101	0	101	0	0	43	1	147	81	22	188	102	41	238	0	69
T	111	244	6	119	21	219	105	107	200	40	25	46	12	85	168	79	1	0	142	72	243	91	51	20	42	45	0	51	248	146	113	248	205	162	26	142	34	45	0	125	0	245	96
C	79	2	0	71	0	4	37	77	38	31	44	4	14	38	10	44	0	0	107	39	0	52	77	48	31	1	46	15	0	0	135	0	1	86	17	22	42	9	46	77	6	4	68
G	26	2	60	58	74	5	56	47	4	83	9	11	63	50	59	63	248	0	0	17	1	52	11	74	55	96	106	82	0	1	0	0	0	0	59	4	151	7	101	6	5	0	16
++++++++++++++++++++++++++++++++++++++++++++++++++++++
align matrix:
A	40	65	2	33	51	168	57	25	51	30	72	19	50	27	42	14	55	107	56	102	94	62	92	32	45	32	21	2	194	13	46	47	131	23	11	213	4	162	107	14	12	150	12	0	1
T	46	26	232	46	40	50	65	0	5	32	37	161	42	155	192	90	51	13	31	2	3	25	34	27	43	189	222	78	11	219	63	100	30	61	12	0	91	72	2	47	187	27	72	7	2
C	87	138	6	82	34	16	43	182	187	43	75	38	81	51	3	104	32	79	83	112	81	59	47	90	79	19	1	121	13	7	125	65	34	109	45	8	137	6	90	158	10	26	143	2	218
G	68	12	2	81	117	12	81	39	3	140	59	25	70	11	7	36	106	45	74	28	66	98	71	95	77	4	0	43	25	4	8	32	49	51	176	23	12	4	45	25	35	41	17	235	23
align matrix:
A	32	9	30	177	199	114	44	8	16	1	246	0	107	1	50	67	73	78	170	225	62	1	141	0	2	11	1	12	141	33	129	32	24	170	1	57
T	63	231	23	2	42	5	84	121	51	2	1	108	56	240	67	54	3	12	1	0	40	241	101	103	244	235	113	101	11	39	66	0	49	0	212	36
C	141	1	53	55	3	11	45	36	116	0	0	139	11	5	91	91	72	93	58	1	56	3	2	142	0	1	133	55	80	135	40	78	123	13	35	101
G	9	4	139	11	1	115	72	81	64	244	0	0	72	0	38	34	98	63	17	20	88	2	3	2	1	0	0	79	15	40	12	138	52	65	0	54
++++++++++++++++++++++++++++++++++++++++++++++++++++++
######################################################
