scoring matrix:
A	-2.11	-10.00	-4.51	1.14	1.13	-10.00	-0.32	-10.00	-10.00	1.13	1.13	-10.00	1.09	1.13	-10.00	0.22	-0.25	-1.42	-2.90	-10.00	-0.70
T	-0.14	-0.00	-1.39	-10.00	-10.00	1.22	0.10	-0.42	-0.90	-10.00	-10.00	1.26	-2.77	-10.00	0.47	-2.77	-4.16	0.76	0.83	-0.86	0.32
C	-0.29	1.04	-2.43	-4.22	-3.53	-0.01	-0.75	1.20	-2.27	-10.00	-3.53	-0.14	-4.22	-10.00	0.99	-1.00	0.95	-0.27	-0.16	1.24	0.52
G	0.99	-0.76	1.44	-10.00	-4.13	-4.13	0.63	-1.24	1.40	-3.43	-3.43	-10.00	-1.93	-3.43	-10.00	0.84	-0.52	0.18	0.19	-0.99	-0.49
scoring matrix:
A	-0.93	-3.12	-4.51	1.09	1.10	-10.00	0.30	-10.00	-3.41	1.11	1.13	-10.00	-1.01	-10.00	-10.00	1.14	1.14	-10.00	0.77	-1.01	-10.00	0.09	-10.00	-10.00
T	1.26	-10.00	-0.21	-2.77	-10.00	1.18	0.10	-3.06	-1.03	-2.37	-10.00	1.32	-2.21	-2.37	-0.69	-10.00	-10.00	0.95	-0.76	1.36	-0.83	-1.12	-10.00	-0.12
C	-10.00	1.33	-2.43	-2.43	-2.43	-0.01	-0.39	1.25	-0.72	-10.00	-3.53	-0.53	-0.35	1.21	-3.12	-10.00	-10.00	0.56	-4.22	-10.00	1.29	-10.00	-1.04	0.81
G	-0.99	-0.99	1.29	-2.52	-2.52	-1.93	-0.32	-0.30	1.29	-3.03	-3.43	-2.74	1.16	-0.19	1.40	-4.13	-4.13	-10.00	-0.07	-3.03	-1.73	0.97	1.44	0.19
Start Probabilities	0.96	0.04	
Ending Probabilities	0.03	1.00	
Trasnition Probability Matrix
0.00	0.97	
0.00	0.00	
Window size:24
Gap length:50
Match score cuttof:22.61
++++++++++++++++++++++++++++++++++++++++++++++++++++++
scoring matrix:
A	-1.91	-3.38	1.11	1.13	-10.00	-0.42	-2.08	-4.48	1.18	1.14	-10.00	0.44	0.39	-10.00	1.19	1.19	-10.00	1.02	0.52	-4.48	-1.34	-1.11	-4.48	-1.18	-1.04	-3.78	0.30	0.18	-2.17
T	-2.79	0.15	-1.18	-1.94	1.03	0.42	0.25	-1.59	-2.50	-10.00	-0.39	0.94	-1.59	-1.18	-3.89	-10.00	-0.42	-0.84	0.96	0.35	-0.89	-1.59	0.87	1.05	0.66	0.66	-1.11	-2.28	0.30
C	0.32	0.44	-10.00	-3.75	0.60	-1.31	0.62	0.05	-4.44	-10.00	1.09	-10.00	-0.25	0.54	-3.75	-3.75	1.12	-2.04	-3.75	0.94	-1.80	-0.18	0.17	-1.73	0.35	0.27	0.49	-10.00	0.81
G	0.80	0.34	-1.72	-1.80	-3.59	0.65	-0.16	0.99	-3.59	-1.39	-2.09	-0.82	0.19	0.61	-4.28	-3.59	-3.18	-1.34	-1.51	-2.34	1.19	0.93	0.03	0.44	-0.41	0.17	-1.70	0.93	-0.99
Start Probabilities	1.00	
Ending Probabilities	1.00	
Trasnition Probability Matrix
0.00	
Window size:29
Gap length:50
Match score cuttof:0.00
++++++++++++++++++++++++++++++++++++++++++++++++++++++
scoring matrix:
A	0.87	0.87	-10.00	0.68	-10.00	-2.50	-10.00	-2.50	-10.00	0.87	0.63	-0.71	-10.00	-10.00	-10.00	0.87	0.87	-10.00	-10.00	-10.00	-10.00	0.54	-1.40	-10.00	0.76	0.49	-10.00	-10.00	-10.00	-10.00	0.87	0.76	-10.00	-1.40	-10.00	-10.00
T	-10.00	-10.00	-10.00	-10.00	-10.00	0.51	1.61	-10.00	-10.00	-10.00	0.10	-10.00	0.10	1.68	-10.00	-10.00	-10.00	-10.00	1.68	1.68	1.49	-1.00	-10.00	1.49	-1.00	-10.00	1.61	-1.00	-10.00	-1.69	-10.00	-10.00	-10.00	1.49	1.57	-10.00
C	-10.00	-10.00	1.52	-10.00	-0.75	1.04	-1.15	-10.00	-0.75	-10.00	-10.00	1.29	-1.15	-10.00	-1.85	-10.00	-10.00	1.52	-10.00	-10.00	-0.24	-10.00	-1.15	-0.46	-10.00	-1.15	-10.00	-10.00	-1.15	1.41	-10.00	-10.00	1.52	-10.00	-0.75	1.04
G	-10.00	-10.00	-10.00	-0.01	1.64	-1.62	-10.00	1.71	1.64	-10.00	-10.00	-10.00	1.43	-10.00	1.71	-10.00	-10.00	-10.00	-10.00	-10.00	-10.00	0.17	1.56	-1.62	-1.62	0.33	-0.92	1.68	1.68	-0.92	-10.00	-0.52	-10.00	-0.92	-10.00	0.78
scoring matrix:
A	0.87	0.87	-10.00
T	-10.00	-10.00	-10.00
C	-10.00	-10.00	1.52
G	-10.00	-10.00	-10.00
scoring matrix:
A	0.79	0.79	-10.00	0.79	0.79	-10.00	0.87	0.87	-10.00
T	-10.00	-10.00	-10.00	-1.00	-1.00	-10.00	-10.00	-10.00	-10.00
C	-1.15	-1.15	1.45	-10.00	-10.00	1.45	-10.00	-10.00	1.52
G	-10.00	-10.00	-0.92	-10.00	-10.00	-0.92	-10.00	-10.00	-10.00
Start Probabilities	0.83	0.17	0.00	
Ending Probabilities	0.00	0.07	1.00	
Trasnition Probability Matrix
0.00	1.00	0.00	
0.00	0.00	0.93	
0.00	0.00	0.00	
Window size:36
Gap length:50
Match score cuttof:10.25
++++++++++++++++++++++++++++++++++++++++++++++++++++++
######################################################
scoring matrix:
A	0.12	0.61	-10.00	0.59	-0.02	-4.31	0.26	0.67	-10.00	-2.92	-1.75	-3.62	0.81	0.75	-3.62	-1.05	-0.76	-10.00	0.52	0.88	-10.00	0.37	0.78	-4.31	0.64	0.84	-3.62	0.30	0.59	-10.00	0.31
T	0.71	0.63	-0.29	0.66	-0.88	-0.59	-0.56	-0.98	0.71	-0.64	-2.81	-0.61	0.26	-0.94	0.38	0.01	1.07	-1.49	0.33	-1.63	-1.48	0.96	-0.10	-0.59	0.37	-1.25	-1.43	0.69	-0.41	-0.06	-0.59
C	-1.08	-1.98	0.94	-2.21	0.13	0.84	-1.92	-0.72	0.54	-1.80	-3.08	1.01	-1.65	-0.61	0.79	-0.21	-0.22	0.30	-1.69	-1.98	1.14	-1.56	-1.29	0.93	-1.11	-1.36	1.04	-0.95	-0.86	0.81	-1.32
G	-0.07	-0.28	-1.26	-0.27	0.20	-0.46	0.65	0.22	-1.10	1.02	1.13	-1.60	-0.25	0.07	-1.75	0.49	-0.93	0.59	0.10	0.33	-3.58	-0.70	-0.02	-0.86	-0.25	0.24	-1.19	-0.27	0.21	-0.76	0.56
Start Probabilities	1.00	
Ending Probabilities	1.00	
Trasnition Probability Matrix
0.00	
Window size:31
Gap length:50
Match score cuttof:0.00
++++++++++++++++++++++++++++++++++++++++++++++++++++++
scoring matrix:
A	1.72	-10.00	-0.35	-10.00	-10.00	1.54	1.67	-10.00	1.47	-1.79	-10.00	-10.00	-3.12	-10.00
T	-1.03	1.06	-2.27	-10.00	-1.03	-0.34	-1.37	0.77	-0.34	1.01	-2.23	-1.75	-4.38	0.00
C	-0.18	-1.02	-0.59	1.08	-10.00	-1.06	-0.69	0.14	-2.56	-3.26	1.21	-10.00	-1.68	0.70
G	-0.60	-3.82	0.84	-0.58	1.00	-0.15	-0.00	-3.82	0.16	-0.96	-2.53	1.06	1.04	-0.93
Start Probabilities	1.00	
Ending Probabilities	1.00	
Trasnition Probability Matrix
0.00	
Window size:14
Gap length:50
Match score cuttof:0.00
++++++++++++++++++++++++++++++++++++++++++++++++++++++
scoring matrix:
A	-10.00	-0.04	-0.87	-10.00	0.83	1.47	-10.00	-0.04	-0.13	-3.18	1.21	1.39	-3.12	0.95	1.09	-10.00	-1.10
T	0.75	0.10	-1.44	-2.06	0.37	-0.40	-0.07	0.95	-0.66	-1.20	0.10	-1.00	-0.77	0.37	0.87	-0.28	-2.23
C	0.51	-1.32	0.44	0.47	-0.81	-1.91	0.85	-1.44	-0.39	0.01	-1.82	-1.51	1.04	-0.72	-2.02	0.95	-2.42
G	-2.75	0.46	0.14	0.24	-0.20	-0.10	-1.72	-0.31	0.47	0.53	-0.05	0.12	-10.00	-0.37	-1.14	-2.57	0.93
Start Probabilities	0.00	
Ending Probabilities	0.00	
Trasnition Probability Matrix
0.00	
Window size:17
Gap length:50
Match score cuttof:0.00
++++++++++++++++++++++++++++++++++++++++++++++++++++++
######################################################
scoring matrix:
A	0.02	0.90	-4.38	0.02	0.03	-1.12	-0.07	-0.56	0.42	-0.02	0.11	-0.09	-0.58	-0.85	0.74	-0.73	0.95	0.96	-10.00	-0.19	-2.94	-0.47	-0.23	0.22	0.01	-0.37	0.21	-0.02	-2.30	-2.63	-0.54	-0.74	0.46	-0.77	0.18	0.86	0.40	0.64	0.76	-0.37	-2.30	-2.79	0.45
T	-0.84	-2.46	1.24	0.36	0.26	0.71	0.30	0.25	-10.00	0.06	-0.25	0.72	-0.02	-0.49	-3.52	0.41	-1.79	-1.22	0.70	0.30	1.25	-0.29	-0.63	-0.49	-0.48	-1.07	0.29	-0.18	-0.77	-2.25	-0.23	0.20	0.49	0.50	-0.84	-1.54	-0.29	-1.80	-2.69	-0.33	-1.30	0.01	-0.61
C	-1.10	-2.59	-1.51	0.06	-1.10	-0.47	0.40	-1.76	0.63	-0.21	-0.07	-0.95	0.21	-2.10	0.12	0.56	-2.64	-10.00	0.83	0.61	-3.28	0.11	0.64	-1.99	0.23	0.80	-0.82	0.09	-3.94	1.50	0.30	-0.06	-1.47	0.72	0.10	-1.88	-0.72	-0.05	-0.38	0.32	-10.00	1.26	0.23
G	0.71	-0.75	-4.07	-0.83	0.15	0.06	-1.26	0.64	-0.69	0.12	0.11	-0.84	0.35	1.02	-1.32	-0.66	-1.59	-2.62	-3.10	-2.07	-1.88	0.51	0.01	0.54	0.16	0.07	-0.29	0.12	1.22	-2.84	0.41	0.42	-3.48	-2.31	0.21	-0.73	-0.03	-0.49	-0.59	0.35	1.27	-4.15	-0.78
scoring matrix:
A	-10.00	0.65	-2.42	-0.10	0.45	0.15	-0.02	0.84	1.07	-0.06	-4.82	-0.65	-4.82	-10.00	1.01	-10.00	-3.43	0.32	-0.34	0.55	-0.85	-1.39	0.86	-4.82	0.36
T	0.88	-0.74	1.28	-0.06	-1.98	-1.71	-1.66	-3.85	-10.00	-0.73	1.38	1.11	0.53	1.39	-0.91	0.95	-3.45	-3.45	0.17	0.41	-3.85	0.33	-2.94	1.35	0.27
C	0.75	-3.18	-1.57	0.73	0.74	-0.49	0.20	0.07	-4.28	-0.71	-4.28	-2.86	1.09	-10.00	-10.00	0.61	1.21	1.04	0.08	-1.57	0.84	0.84	-2.08	-1.71	-0.22
G	-10.00	0.05	-2.00	-1.15	-1.49	0.68	0.54	-1.92	-1.78	0.72	-3.38	-1.42	-3.38	-4.48	-10.00	-4.48	0.39	-3.79	0.13	-2.54	0.58	-0.59	-0.21	-10.00	-1.49
scoring matrix:
A	-0.78	-3.18	-0.19	0.90	0.65	0.43	-0.01	0.25	-0.38	0.54	-0.22	0.24	-0.23	-1.37	-0.82	0.35	-0.44	0.24	0.32	0.12	-0.54	0.73	0.57	0.08	0.45	-2.10
T	0.45	1.33	-0.92	-2.42	0.28	-0.87	-0.38	-3.13	-0.16	-1.01	0.58	-0.37	0.30	1.28	-0.09	-2.05	-2.45	-2.92	-1.24	-1.97	-1.40	-1.32	0.12	-0.57	0.42	1.34
C	0.62	-1.77	-0.58	-0.54	-10.00	-0.93	-0.22	0.75	0.28	-1.05	0.03	-0.13	0.03	-2.87	0.55	0.81	-1.01	0.53	0.78	-2.87	0.15	-0.53	-0.90	-0.51	-1.70	-3.17
G	-0.81	-4.44	0.80	-1.45	-1.82	0.31	0.41	-0.35	0.29	0.18	-0.89	0.04	-0.12	-4.45	0.25	-1.10	1.09	0.05	-1.38	0.92	0.81	-0.52	-1.30	0.52	-1.18	-10.00
scoring matrix:
A	-0.86	0.13	-1.50	0.07	-1.98	-0.05	-10.00	0.93	-10.00	0.13	-10.00	-1.35	-3.71	1.02	-10.00	-1.33	1.03	-4.36	0.79	-3.99	-1.42	-0.98	-1.50	-0.56	0.41	-4.65	0.12	-1.90	-2.75
T	0.95	0.74	0.26	-1.98	-2.44	-0.50	1.25	-0.91	0.86	-0.19	0.48	-0.01	-10.00	-4.10	0.79	-10.00	-10.00	0.85	-1.31	1.21	0.57	-0.91	1.07	0.08	-0.36	1.33	0.34	0.69	1.28
C	-1.18	-1.19	0.90	1.03	-3.83	0.29	-1.82	-10.00	0.54	-10.00	0.62	0.17	-3.85	-10.00	0.71	-10.00	-10.00	0.62	-2.06	-4.14	-0.09	-0.52	-0.55	0.03	-0.67	-2.56	-1.08	0.75	-1.70
G	-0.68	-3.02	-0.80	-1.92	1.28	0.19	-10.00	-3.39	-2.24	0.54	-0.12	0.60	1.33	-10.00	-4.05	1.26	-4.05	-10.00	-0.30	-0.59	0.25	1.03	-1.13	0.39	0.01	-3.65	-0.08	-1.76	-2.97
Start Probabilities	0.76	0.21	0.01	0.01	
Ending Probabilities	0.00	0.03	0.17	1.00	
Trasnition Probability Matrix
0.00	0.95	0.02	0.03	
0.00	0.00	0.73	0.24	
0.00	0.00	0.00	0.83	
0.00	0.00	0.00	0.00	
Window size:43
Gap length:400
Match score cuttof:8.33
++++++++++++++++++++++++++++++++++++++++++++++++++++++
scoring matrix:
A	0.40	0.38	0.43	-0.09	0.29	0.47	0.10	-3.98	0.18	-1.02	0.73	0.38	0.55	-3.98	-0.20	-0.13	-0.83	0.04	-0.32	-2.50	-1.13	-0.79	-0.87	0.11	-0.34	0.61	-0.61	-0.33	-1.64	-1.57	0.01	-0.10	-0.04	-2.36	1.02	-2.01	0.42	-0.53	0.26	0.47	-10.00	-0.37	-0.50	-4.15	0.02	-0.85	0.97	-0.13
T	-1.07	0.13	-1.10	-0.24	0.36	-0.58	-3.81	-3.81	-1.38	-1.60	-0.65	-0.28	-3.81	1.19	0.37	0.57	0.80	0.11	-1.10	-3.81	0.41	-0.21	-0.61	-0.08	-0.53	-10.00	0.51	0.92	1.14	0.22	-1.17	-0.79	0.01	-10.00	-10.00	0.48	-3.26	-10.00	-0.07	-10.00	1.18	0.62	-1.78	1.20	-0.35	-2.65	-3.31	0.19
C	-0.60	-2.37	-0.20	0.54	-0.61	-0.53	1.16	-10.00	-0.46	0.14	-0.58	-1.21	-10.00	-3.42	-0.55	-1.08	-0.01	0.21	-3.42	1.28	0.79	-0.76	1.13	0.38	0.36	0.47	-0.18	-10.00	-2.81	1.02	0.92	-1.15	0.26	-10.00	-10.00	0.93	0.91	-10.00	-0.55	-2.91	-1.06	-0.24	-2.91	-1.48	-0.13	1.46	-10.00	0.14
G	0.33	-0.21	0.12	-0.24	-1.24	-0.07	-10.00	1.38	0.61	0.97	-1.41	0.14	0.55	-10.00	0.05	-0.33	-1.52	-0.52	1.04	0.12	-1.25	0.86	-0.58	-0.65	0.43	-1.17	-0.05	-1.72	-10.00	-1.27	-0.67	0.83	-0.23	1.38	-2.03	-2.19	-3.71	1.23	-0.01	0.69	-10.00	-0.60	1.17	-10.00	0.35	-2.24	-0.92	-0.23
scoring matrix:
A	-0.92	-10.00	0.80	-10.00	0.62	-1.43	-0.50	-1.51	-2.45	0.15	0.74	0.83	0.67	-0.07	-1.91	-0.26	-10.00	1.11	-10.00	0.39	-2.78	-0.41	0.30	0.27	0.39	0.27	0.17	0.21	-10.00	0.22	-10.00	-10.00	-0.64	-4.38	0.59	-0.01	-1.31	0.83	0.22	-0.69	1.07	-10.00	-0.17
T	0.49	1.27	-2.40	0.56	-1.15	1.17	0.44	0.45	1.08	-0.53	-0.99	-0.39	-1.73	0.22	0.90	0.15	-4.20	-10.00	0.74	0.06	1.27	0.29	-0.28	-1.22	-0.48	-0.41	-10.00	-0.28	1.29	0.76	0.51	1.29	1.10	0.87	-0.96	0.74	-0.69	-0.41	-10.00	0.61	-10.00	1.28	0.35
C	0.57	-3.07	-10.00	0.47	-10.00	-2.37	-0.18	0.55	-0.16	-0.36	-0.01	-2.40	-1.15	-0.16	-1.49	-0.01	-10.00	-10.00	0.87	-0.13	-10.00	0.15	0.55	0.07	-0.36	-3.78	0.03	-1.08	-10.00	-10.00	1.10	-10.00	-3.78	0.66	-0.96	-0.70	-0.06	-1.59	0.03	0.55	-2.00	-2.40	0.42
G	-0.74	-3.28	0.09	0.06	0.30	-2.36	0.03	-0.16	-2.61	0.41	-1.80	-1.60	0.13	-0.10	0.07	0.13	1.50	-10.00	-10.00	-1.17	-3.99	-0.06	-1.60	0.30	-0.00	0.55	0.65	0.40	-10.00	-3.97	-10.00	-10.00	-10.00	-10.00	0.07	-2.61	1.01	-2.05	0.60	-2.21	-2.39	-10.00	-1.23
Start Probabilities	0.79	0.21	
Ending Probabilities	0.01	1.00	
Trasnition Probability Matrix
0.00	0.99	
0.00	0.00	
Window size:48
Gap length:400
Match score cuttof:0.00
++++++++++++++++++++++++++++++++++++++++++++++++++++++
scoring matrix:
A	-0.48	-0.01	-3.41	-0.67	-0.25	0.91	-0.16	-0.98	-0.27	-0.79	0.08	-1.22	-0.27	-0.88	-0.45	-1.53	-0.18	0.47	-0.17	0.42	0.34	-0.07	0.32	-0.72	-0.38	-0.72	-1.13	-3.44	1.06	-1.59	-0.35	-0.34	0.67	-1.04	-1.77	1.15	-2.76	0.88	0.47	-1.53	-1.68	0.80	-1.68	-10.00	-4.13
T	-0.13	-0.68	1.45	-0.13	-0.27	-0.07	0.19	-10.00	-2.35	-0.51	-0.35	1.09	-0.23	1.05	1.26	0.52	-0.04	-1.39	-0.53	-3.23	-2.83	-0.74	-0.44	-0.67	-0.21	1.25	1.41	0.38	-1.54	1.39	0.17	0.62	-0.56	0.13	-1.47	-10.00	0.53	0.30	-3.23	-0.12	1.24	-0.67	0.30	-2.00	-3.23
C	0.36	0.81	-2.26	0.30	-0.56	-1.34	-0.36	1.08	1.10	-0.35	0.21	-0.46	0.28	-0.18	-2.96	0.52	-0.63	0.25	0.30	0.60	0.28	-0.03	-0.26	0.38	0.25	-1.15	-4.04	0.67	-1.51	-2.12	0.71	0.06	-0.58	0.57	-0.30	-2.00	0.80	-2.28	0.38	0.94	-1.78	-0.84	0.84	-3.36	1.25
G	0.08	-1.61	-3.37	0.25	0.60	-1.66	0.23	-0.49	-3.04	0.78	-0.07	-0.91	0.10	-1.72	-2.17	-0.56	0.50	-0.34	0.15	-0.81	0.04	0.43	0.11	0.40	0.19	-2.72	-10.00	-0.38	-0.91	-2.70	-2.01	-0.67	-0.25	-0.22	1.00	-1.00	-1.64	-2.72	-0.34	-0.92	-0.59	-0.43	-1.30	1.29	-1.00
scoring matrix:
A	-0.72	-1.98	-0.79	0.97	1.08	0.53	-0.41	-2.11	-1.43	-4.19	1.29	-10.00	0.47	-4.17	-0.29	0.00	0.09	0.15	0.93	1.20	-0.07	-4.19	0.74	-10.00	-3.50	-1.80	-4.19	-1.71	0.74	-0.71	0.65	-0.74	-1.03	0.93	-4.21	-0.17
T	0.16	1.45	-0.83	-3.25	-0.24	-2.34	0.45	0.81	-0.05	-3.28	-3.97	0.69	0.04	1.49	0.22	0.01	-2.86	-1.49	-3.95	-10.00	-0.29	1.49	0.63	0.65	1.50	1.47	0.74	0.63	-1.58	-0.32	0.20	-10.00	-0.10	-10.00	1.37	-0.41
C	0.82	-4.07	-0.14	-0.11	-2.98	-1.70	-0.30	-0.53	0.63	-10.00	-10.00	0.81	-1.71	-2.49	0.39	0.39	0.16	0.41	-0.06	-4.09	-0.09	-3.01	-3.42	0.83	-10.00	-4.11	0.76	-0.12	0.26	0.78	-0.43	0.23	0.68	-1.56	-0.57	0.49
G	-1.93	-2.74	0.77	-1.74	-4.10	0.58	0.12	0.23	-0.00	1.33	-10.00	-10.00	0.12	-10.00	-0.52	-0.63	0.42	-0.02	-1.32	-1.15	0.32	-3.46	-3.05	-3.46	-4.15	-10.00	-10.00	0.21	-1.45	-0.47	-1.67	0.76	-0.22	0.01	-10.00	-0.18
Start Probabilities	0.66	0.34	
Ending Probabilities	0.16	1.00	
Trasnition Probability Matrix
0.00	0.84	
0.00	0.00	
Window size:45
Gap length:400
Match score cuttof:0.00
++++++++++++++++++++++++++++++++++++++++++++++++++++++
######################################################
Start Probability:0.04	0.96	0.00
End Probability:0.22	0.10	0.68
Transition Probability:
0.23	0.03	0.74
0.62	0.15	0.22
0.80	0.20	0.00
Gap Length:10000
