align matrix:
A	1	143	140	0	35	30	0	144	151	0	151	161	0	21	71	12	7	5	43	26	15	3	156	162	0	53	6	0	161	159	0	74	31	0	164	166
T	6	10	12	49	22	46	10	20	0	52	2	0	34	14	6	90	68	5	41	123	0	11	3	0	60	52	12	0	2	0	42	15	3	5	0	0
C	49	0	0	105	26	81	41	1	0	106	4	3	128	32	84	34	69	104	44	2	140	48	5	2	101	10	133	29	0	1	121	3	109	50	0	0
G	110	0	14	12	83	9	115	1	15	8	9	2	4	99	5	30	22	52	38	15	11	104	2	2	5	51	15	137	3	6	3	74	23	111	2	0
align matrix:
A	0	119	28	0	0	0	0
T	19	20	137	22	8	0	75
C	147	8	0	142	0	4	59
G	0	19	1	2	158	160	32
++++++++++++++++++++++++++++++++++++++++++++++++++++++
align matrix:
A	0	0	244	242	0	58	0	0	243	243	0	239	245	0	126	33	19	8	0	6	38	4	0	239	241	0	87	0	4	235	239	0	17	0	0	245	244	0	188	17	1	95	0	0
T	72	22	0	0	202	90	71	24	1	0	181	2	0	102	5	2	104	93	19	83	164	0	60	2	0	211	55	8	21	6	0	196	37	0	29	0	0	157	12	227	34	17	6	29
C	129	4	1	2	42	38	155	7	0	2	64	0	0	143	30	170	50	50	203	105	0	192	18	0	3	34	45	193	36	0	1	40	46	168	2	0	0	88	0	0	203	0	18	133
G	44	219	0	1	1	59	19	214	1	0	0	4	0	0	84	40	72	94	23	51	43	49	167	4	1	0	58	44	184	4	5	9	145	77	214	0	1	0	45	1	7	133	221	83
++++++++++++++++++++++++++++++++++++++++++++++++++++++
align matrix:
A	11	12	1	46	47	0	35	20	1	28	44	2	0	0	2	47	43	1	4	3	0	55	56	0
T	5	39	8	7	9	12	13	0	14	5	0	17	2	0	7	6	0	18	7	29	2	1	0	5
C	0	1	28	1	0	44	2	27	27	0	10	32	0	0	39	0	9	33	8	21	33	0	0	51
G	40	4	19	2	0	0	6	9	14	23	2	5	54	56	8	3	4	4	37	3	21	0	0	0
align matrix:
A	48	48	0	45	49	0	50
T	6	4	11	8	0	8	5
C	0	3	42	0	0	41	0
G	2	1	3	3	7	7	1
++++++++++++++++++++++++++++++++++++++++++++++++++++++
######################################################
align matrix:
A	1	51	92	0	96	67	2	78
T	44	125	107	54	101	17	36	40
C	159	29	7	218	9	98	200	17
G	80	79	78	12	78	102	46	149
align matrix:
A	116	0	1	9	2	106	128	2	23	15	0	107	123	0	110	127	1	115	144	0	81	116	0	81	86	3	54	112
T	23	121	24	6	39	79	29	96	59	175	13	66	18	10	126	25	13	79	18	15	97	31	45	43	6	66	154	28
C	58	126	0	0	224	29	39	174	64	76	99	24	15	262	14	32	239	12	23	252	31	21	216	23	111	101	29	80
G	87	37	252	269	19	70	88	12	138	18	172	87	128	12	34	100	31	78	99	17	75	116	23	137	81	114	47	64
++++++++++++++++++++++++++++++++++++++++++++++++++++++
align matrix:
A	0	9	1	0	84	173	0	54	0	0	118	151	0	99	181	0
T	202	62	61	26	82	30	221	95	56	24	70	20	201	87	14	102
C	63	45	174	8	58	32	55	31	208	9	30	48	71	30	27	171
G	12	161	41	243	53	40	1	97	13	244	59	58	5	61	55	4
align matrix:
A	18	32	9	1	2	15	16	6	0	94	154	1	78	0	1	80	132	0	33	0	0	113	145	0	93	14	0	0	0	0	4	0
T	10	4	142	132	23	100	210	2	57	92	27	215	84	0	23	95	26	221	16	5	38	77	21	168	58	242	32	16	1	63	180	26
C	27	187	49	62	221	108	0	239	14	37	40	55	44	227	36	32	60	52	49	214	0	30	47	108	12	1	234	0	20	133	1	190
G	222	54	77	82	31	54	51	29	206	54	56	6	71	50	217	70	59	4	179	58	239	57	64	1	114	20	8	261	256	81	92	61
++++++++++++++++++++++++++++++++++++++++++++++++++++++
align matrix:
A	131	0	54	25	2	83	144	2	22	23	0	121	122	0	122	118	0	17	37	0	12	36
T	52	98	73	3	26	101	51	96	122	34	24	67	23	27	81	158	30	25	6	81	122	134
C	18	231	18	168	171	29	28	214	28	100	117	16	31	302	44	6	299	19	9	193	12	81
G	128	0	184	133	130	116	106	17	157	172	188	125	153	0	82	47	0	268	277	55	183	78
++++++++++++++++++++++++++++++++++++++++++++++++++++++
######################################################
align matrix:
A	92	20	22	71	78	86	0	201	19	157	107	104	95	15	54	38	0	41	36	181	62	65	178	38	41	11	36	26	11	53	34	7	19	27	191	15	136	199	25	47	7	39	19	0	49	47	104	53	15	37	52	45	45	51	45	26	24	92	61	82	87	80	55	67	83
T	104	192	77	34	35	18	0	0	68	0	0	14	0	179	65	7	199	59	3	16	28	8	0	71	104	37	85	61	200	65	140	39	70	11	2	97	22	5	72	33	171	71	75	214	38	48	72	91	0	4	37	31	77	48	81	180	88	48	21	20	10	2	43	53	6
C	0	3	102	63	52	33	0	0	101	57	0	23	16	22	60	7	17	58	175	0	29	143	1	74	2	106	47	106	4	45	0	28	111	12	3	81	11	7	70	10	16	77	119	1	49	35	23	28	161	160	31	44	56	59	65	1	53	23	94	51	90	75	47	58	64
G	19	0	14	47	50	78	216	15	28	2	109	75	105	0	37	164	0	51	2	19	97	0	37	33	69	61	47	22	1	53	42	141	15	164	18	21	46	4	48	125	21	28	2	0	79	85	9	36	32	7	88	88	30	49	16	0	41	43	30	53	19	49	60	27	52
align matrix:
A	61	123	115	92	59	6	24	8	222	0	72	5	32	75	55	102	154	201	63	0	122	0	0	43	0	12	146	36	162	88	10	167	1	50	56	104	29	15	216	16	18	183
T	22	26	90	18	88	87	71	0	0	120	103	217	99	69	0	23	1	0	34	216	99	94	223	179	131	60	2	49	40	0	104	0	185	67	12	32	55	0	0	104	16	3
C	31	54	12	24	11	20	80	0	0	96	5	0	70	66	82	40	39	1	43	0	1	129	0	1	91	36	60	117	6	53	82	13	30	66	79	50	93	207	3	102	8	21
G	108	20	6	89	65	110	48	215	1	7	43	1	22	13	85	57	28	20	83	7	1	0	0	0	1	115	15	21	8	75	20	36	0	33	68	29	46	1	4	1	181	16
++++++++++++++++++++++++++++++++++++++++++++++++++++++
align matrix:
A	114	4	4	83	54	21	157	1	1	57	305	1	86	2	1	72	288	301	0	6	168	35	135	7	99	144	0	49	0	308	157	16	141	51	20	55	48	38	3	61	279	289	14	59	25	38	38	210	22	51	19	85	105	73	72	12	145	89	2	10	18	10	280	1	17	272
T	42	1	0	127	90	292	61	4	2	124	2	312	100	0	0	37	4	5	125	179	136	129	72	175	94	158	0	77	7	0	3	246	147	141	202	227	94	3	1	76	5	18	207	143	288	114	236	101	163	91	281	66	112	3	115	137	64	83	193	282	113	2	11	144	25	3
C	121	0	1	88	48	1	6	256	313	89	6	3	125	0	0	114	4	3	188	129	8	106	87	131	59	0	177	125	306	6	1	49	20	83	30	13	167	3	217	125	19	0	88	91	0	106	17	0	91	158	10	46	3	202	102	59	38	84	83	1	118	1	1	139	225	2
G	40	312	312	18	124	2	92	55	0	46	3	0	5	314	315	93	20	7	2	1	1	43	19	0	61	11	136	62	0	0	153	3	6	39	62	19	5	270	93	52	11	7	4	20	0	55	21	1	36	12	2	115	92	34	23	104	46	38	16	1	45	281	2	10	27	17
++++++++++++++++++++++++++++++++++++++++++++++++++++++
align matrix:
A	30	53	47	87	3	59	78	258	88	45	91	64	93	131	48	47	21
T	13	202	57	93	304	64	25	19	52	2	3	60	60	172	125	175	273
C	59	60	55	73	13	57	40	6	78	227	172	47	119	10	96	62	2
G	223	10	168	74	7	147	184	44	109	53	61	156	55	14	58	43	31
align matrix:
A	221	68	47	55	160	67	103	204	19	190	13	71	32	128	24
T	51	236	109	68	17	79	61	26	170	115	7	65	248	33	107
C	12	5	146	94	61	70	62	76	112	14	229	140	7	66	184
G	29	4	14	100	79	113	100	21	25	7	74	49	36	96	6
align matrix:
A	61	102	147	76	71	275	65	80	48	85	143	237	136	39	104	115	195	108	143	121	108	70
T	26	33	63	125	42	20	90	24	41	39	2	9	19	38	23	56	29	29	23	61	42	37
C	73	96	40	47	18	7	138	182	150	77	22	15	34	99	34	74	47	120	85	98	21	37
G	162	93	74	77	194	23	32	40	87	125	159	65	130	138	153	69	47	61	67	39	148	172
align matrix:
A	120	60	222	32	20	258	19	54	224	79	118	31	105	47	1	61	201	123	81	120	171	60
T	74	14	31	75	8	18	91	9	10	78	26	244	122	137	308	40	27	176	43	43	2	88
C	87	79	49	180	295	16	138	45	61	93	49	38	44	110	20	54	80	9	43	29	90	70
G	48	179	33	48	11	42	86	226	39	84	140	20	62	39	4	178	25	25	166	140	69	108
align matrix:
A	5	4	92	143	161	40	30	79	51	184	3	94	106	0	93	2	292	117	43	48	46	10	10
T	1	2	39	79	110	142	120	144	97	98	66	45	189	6	78	8	4	14	154	121	51	221	293
C	0	6	107	72	19	92	129	8	107	24	213	103	8	198	75	296	10	11	36	4	53	73	6
G	307	301	75	19	21	37	32	80	56	5	29	69	8	107	65	6	6	170	79	139	162	8	2
align matrix:
A	0	285	21	191	2	12	2	328	2	29	311	20	151	4	20
T	298	22	173	67	240	87	0	1	135	0	18	171	88	266	100
C	8	0	127	2	21	29	0	2	191	1	2	141	10	6	99
G	0	2	6	68	69	204	330	1	4	303	2	1	84	57	114
align matrix:
A	128	65	112	10	72	148	108	68	97	108	93	244	238	158	64
T	4	51	105	213	74	49	53	44	12	2	30	16	24	19	82
C	47	66	27	85	98	18	130	86	178	11	64	32	23	14	96
G	141	139	77	13	78	108	32	125	37	203	137	32	39	133	80
++++++++++++++++++++++++++++++++++++++++++++++++++++++
######################################################
