scoring matrix:
A	-3.92	1.04	1.03	-10.00	-0.36	-0.51	-10.00	1.05	1.10	-10.00	1.10	1.17	-10.00	-0.87	0.35	-1.43	-1.97	-2.31	-0.15	-0.66	-1.21	-2.82	1.13	1.17	-10.00	0.05	-2.12	-10.00	1.17	1.15	-10.00	0.39	-0.48	-10.00	1.18	1.20
T	-1.58	-0.91	-0.88	0.52	-0.28	0.46	-1.07	-0.37	-10.00	0.58	-2.68	-10.00	0.16	-0.73	-1.58	1.13	0.85	-1.76	0.35	1.44	-10.00	-0.97	-2.27	-10.00	0.73	0.58	-0.88	-10.00	-2.68	-10.00	0.37	-0.66	-2.27	-1.76	-10.00	-10.00
C	0.02	-10.00	-10.00	0.78	-0.62	0.52	-0.16	-3.87	-10.00	0.79	-2.49	-2.78	0.98	-0.41	0.56	-0.35	0.36	0.77	-0.09	-3.18	1.07	-0.00	-2.26	-3.18	0.74	-1.57	1.02	-0.51	-10.00	-3.87	0.92	-2.78	0.82	0.04	-10.00	-10.00
G	1.05	-10.00	-1.02	-1.17	0.76	-1.46	1.09	-3.65	-0.95	-1.58	-1.46	-2.96	-2.27	0.94	-2.05	-0.25	-0.56	0.30	-0.02	-0.95	-1.26	0.99	-2.96	-2.96	-2.05	0.28	-0.95	1.27	-2.56	-1.86	-2.56	0.65	-0.52	1.05	-2.96	-10.00
scoring matrix:
A	-10.00	0.86	-0.58	-10.00	-10.00	-10.00	-10.00
T	-0.42	-0.37	1.55	-0.28	-1.29	-10.00	0.95
C	1.12	-1.79	-10.00	1.08	-10.00	-2.45	0.20
G	-10.00	-0.71	-3.65	-2.96	1.41	1.42	-0.19
Start Probabilities	0.91	0.09	
Ending Probabilities	0.07	1.00	
Trasnition Probability Matrix
0.00	0.93	
0.00	0.00	
Window size:36
Gap length:50
Match score cuttof:10.12
++++++++++++++++++++++++++++++++++++++++++++++++++++++
scoring matrix:
A	-10.00	-10.00	1.15	1.14	-10.00	-0.29	-10.00	-10.00	1.14	1.14	-10.00	1.13	1.15	-10.00	0.49	-0.85	-1.40	-2.27	-10.00	-2.56	-0.71	-2.96	-10.00	1.13	1.14	-10.00	0.12	-10.00	-2.96	1.11	1.13	-10.00	-1.52	-10.00	-10.00	1.15	1.15	-10.00	0.89	-1.52	-4.35	0.20	-10.00	-10.00
T	0.20	-0.99	-10.00	-10.00	1.23	0.42	0.18	-0.90	-4.08	-10.00	1.12	-3.39	-10.00	0.54	-2.47	-3.39	0.56	0.45	-1.14	0.34	1.02	-10.00	0.01	-3.39	-10.00	1.27	-0.07	-2.00	-1.04	-2.29	-10.00	1.20	-0.47	-10.00	-0.71	-10.00	-10.00	0.98	-1.60	1.34	-0.55	-1.25	-2.29	-0.71
C	0.84	-2.63	-4.02	-3.32	-0.28	-0.38	1.03	-2.07	-10.00	-3.32	0.14	-10.00	-10.00	0.95	-0.61	1.12	-0.10	-0.10	1.30	0.64	-10.00	1.24	-1.13	-10.00	-2.92	-0.49	-0.21	1.25	-0.43	-10.00	-4.02	-0.33	-0.19	1.11	-3.32	-10.00	-10.00	0.46	-10.00	-10.00	1.30	-10.00	-1.13	0.87
G	-0.19	1.42	-10.00	-3.97	-3.97	0.11	-1.02	1.40	-3.97	-10.00	-10.00	-2.58	-10.00	-10.00	0.46	-0.28	0.31	0.57	-0.83	-0.04	-0.21	-0.08	1.15	-2.58	-3.97	-10.00	0.09	-0.19	1.25	-2.58	-2.36	-1.77	1.01	0.37	1.40	-10.00	-3.97	-10.00	-0.16	-3.97	-2.02	0.92	1.43	0.45
Start Probabilities	1.00	
Ending Probabilities	1.00	
Trasnition Probability Matrix
0.00	
Window size:44
Gap length:50
Match score cuttof:0.00
++++++++++++++++++++++++++++++++++++++++++++++++++++++
scoring matrix:
A	-0.72	-0.63	-3.11	0.71	0.74	-10.00	0.44	-0.12	-3.11	0.22	0.67	-2.42	-10.00	-10.00	-2.42	0.74	0.65	-3.11	-1.73	-2.02	-10.00	0.89	0.91	-10.00
T	-0.47	1.58	0.00	-0.13	0.12	0.41	0.49	-10.00	0.56	-0.47	-10.00	0.75	-1.39	-10.00	-0.13	-0.29	-10.00	0.81	-0.13	1.29	-1.39	-2.08	-10.00	-0.47
C	-10.00	-2.68	0.65	-2.68	-10.00	1.10	-1.99	0.62	0.62	-10.00	-0.38	0.79	-10.00	-10.00	0.98	-10.00	-0.48	0.82	-0.60	0.36	0.82	-10.00	-10.00	1.25
G	1.30	-1.00	0.56	-1.70	-10.00	-10.00	-0.60	-0.19	0.25	0.75	-1.70	-0.78	1.60	1.64	-0.31	-1.29	-1.00	-1.00	1.22	-1.29	0.66	-10.00	-10.00	-10.00
scoring matrix:
A	0.76	0.76	-10.00	0.69	0.78	-10.00	0.80
T	-0.29	-0.69	0.32	0.00	-10.00	0.00	-0.47
C	-10.00	-1.58	1.06	-10.00	-10.00	1.03	-10.00
G	-1.70	-2.39	-1.29	-1.29	-0.44	-0.44	-2.39
Start Probabilities	0.94	0.06	
Ending Probabilities	0.20	1.00	
Trasnition Probability Matrix
0.00	0.80	
0.00	0.00	
Window size:24
Gap length:50
Match score cuttof:16.13
++++++++++++++++++++++++++++++++++++++++++++++++++++++
######################################################
scoring matrix:
A	-4.04	-0.11	0.48	-10.00	0.52	0.16	-3.35	0.32
T	-0.25	0.79	0.64	-0.05	0.58	-1.20	-0.45	-0.35
C	0.61	-1.09	-2.51	0.93	-2.26	0.13	0.84	-1.63
G	-0.05	-0.06	-0.08	-1.95	-0.08	0.19	-0.60	0.57
scoring matrix:
A	0.71	-10.00	-3.92	-1.84	-3.35	0.62	0.81	-3.35	-0.91	-1.33	-10.00	0.63	0.77	-10.00	0.66	0.80	-4.04	0.70	0.93	-10.00	0.35	0.71	-10.00	0.35	0.41	-2.94	-0.05	0.68
T	-0.90	0.76	-0.81	-2.24	-0.37	0.33	-0.67	0.53	0.04	1.13	-1.47	0.15	-1.15	-1.73	0.80	-0.82	-1.47	0.33	-1.15	-1.33	0.54	-0.60	-0.23	-0.28	-2.24	0.15	1.00	-0.70
C	-0.40	0.38	-10.00	-10.00	0.95	-1.09	-0.79	0.70	-0.30	-0.13	0.14	-1.28	-1.75	1.11	-1.82	-0.99	1.02	-1.97	-1.32	1.07	-1.02	-1.41	0.92	-1.32	0.25	0.16	-1.09	-0.08
G	0.03	-0.82	1.09	1.16	-1.49	-0.18	0.04	-1.95	0.49	-1.54	0.71	0.03	0.42	-1.95	-0.91	0.17	-1.00	-0.08	0.16	-1.60	-0.12	0.32	-1.30	0.49	-0.04	0.30	-0.58	-0.27
Start Probabilities	0.69	0.31	
Ending Probabilities	0.45	1.00	
Trasnition Probability Matrix
0.00	0.55	
0.00	0.00	
Window size:28
Gap length:50
Match score cuttof:10.06
++++++++++++++++++++++++++++++++++++++++++++++++++++++
scoring matrix:
A	-10.00	-1.49	-3.68	-10.00	0.75	1.47	-10.00	0.30	-10.00	-10.00	1.09	1.33	-10.00	0.91	1.51	-10.00
T	0.95	-0.23	-0.25	-1.10	0.05	-0.95	1.04	0.19	-0.34	-1.18	-0.11	-1.37	0.94	0.10	-1.72	0.26
C	-0.17	-0.51	0.84	-2.24	-0.25	-0.84	-0.31	-0.88	1.02	-2.12	-0.91	-0.44	-0.05	-0.91	-1.02	0.83
G	-1.95	0.65	-0.72	1.06	-0.46	-0.73	-4.43	0.14	-1.87	1.07	-0.35	-0.37	-2.82	-0.32	-0.42	-3.04
scoring matrix:
A	-0.79	-0.22	-1.49	-3.68	-2.99	-0.98	-0.91	-1.88	-10.00	0.86	1.35	-3.68	0.67	-10.00	-3.68	0.70	1.20	-10.00	-0.19	-10.00	-10.00	1.04	1.29	-10.00	0.85	-1.05	-10.00	-10.00	-10.00	-10.00	-2.30	-10.00
T	-2.06	-2.98	0.59	0.52	-1.23	0.24	0.99	-3.65	-0.32	0.16	-1.07	1.01	0.07	-10.00	-1.23	0.19	-1.10	1.04	-1.59	-2.75	-0.72	-0.02	-1.32	0.76	-0.30	1.13	-0.88	-1.59	-4.36	-0.22	0.83	-1.10
C	-1.02	0.92	-0.42	-0.19	1.08	0.37	-10.00	1.16	-1.68	-0.70	-0.63	-0.31	-0.53	1.11	-0.73	-0.85	-0.22	-0.36	-0.42	1.05	-10.00	-0.91	-0.46	0.37	-1.83	-4.31	1.14	-10.00	-1.32	0.58	-4.31	0.93
G	0.97	-0.44	-0.09	-0.02	-1.00	-0.44	-0.50	-1.06	0.90	-0.44	-0.41	-2.64	-0.17	-0.52	0.95	-0.18	-0.35	-3.04	0.76	-0.37	1.05	-0.39	-0.27	-4.43	0.31	-1.44	-2.32	1.13	1.11	-0.04	0.09	-0.32
Start Probabilities	0.86	0.14	
Ending Probabilities	0.06	1.00	
Trasnition Probability Matrix
0.00	0.94	
0.00	0.00	
Window size:32
Gap length:50
Match score cuttof:18.54
++++++++++++++++++++++++++++++++++++++++++++++++++++++
scoring matrix:
A	0.99	-10.00	0.10	-0.67	-3.19	0.53	1.08	-3.19	-0.79	-0.75	-10.00	0.91	0.92	-10.00	0.92	0.89	-10.00	-1.05	-0.27	-10.00	-1.40	-0.30
T	-0.23	0.41	0.11	-3.08	-0.92	0.44	-0.25	0.39	0.63	-0.65	-1.00	0.03	-1.04	-0.88	0.22	0.89	-0.78	-0.96	-2.39	0.22	0.63	0.72
C	-1.68	0.87	-1.68	0.55	0.57	-1.21	-1.24	0.79	-1.24	0.03	0.19	-1.80	-1.14	1.14	-0.79	-2.78	1.13	-1.63	-2.38	0.69	-2.09	-0.18
G	0.08	-10.00	0.44	0.12	0.10	-0.02	-0.11	-1.94	0.28	0.38	0.46	0.06	0.26	-10.00	-0.37	-0.92	-10.00	0.82	0.85	-0.76	0.44	-0.42
Start Probabilities	0.00	
Ending Probabilities	0.00	
Trasnition Probability Matrix
0.00	
Window size:22
Gap length:50
Match score cuttof:0.00
++++++++++++++++++++++++++++++++++++++++++++++++++++++
######################################################
scoring matrix:
A	0.30	-1.18	-1.08	0.05	0.14	0.23	-10.00	1.05	-1.23	0.81	0.44	0.41	0.32	-1.46	-0.22	-0.56	-10.00	-0.44	-0.62	0.95	-0.09	-0.04	0.93	-0.56	-0.49	-1.75	-0.61	-0.92	-1.76	-0.24	-0.67	-2.19	-1.22	-0.88	1.00	-1.44	0.67	1.04	-0.96	-0.35	-2.19	-0.53	-1.22	-10.00	-0.31	-0.35	0.43	-0.20	-1.37	-0.53	-0.21	-0.35	-0.35	-0.23	-0.34	-0.85	-0.92	0.32	-0.06	0.22	0.27	0.19	-0.15	0.03	0.23
T	0.66	1.25	0.37	-0.41	-0.39	-1.03	-10.00	-10.00	0.25	-10.00	-10.00	-1.28	-10.00	1.19	0.21	-1.95	1.29	0.14	-2.77	-1.15	-0.61	-1.82	-10.00	0.29	0.66	-0.33	0.47	0.15	1.30	0.21	0.95	-0.28	0.28	-1.49	-3.13	0.60	-0.83	-2.26	0.31	-0.44	1.14	0.30	0.35	1.36	-0.31	-0.08	0.33	0.55	-10.00	-2.37	-0.29	-0.46	0.39	-0.04	0.44	1.18	0.52	-0.04	-0.80	-0.85	-1.49	-2.98	-0.14	0.06	-1.95
C	-10.00	-2.59	0.81	0.34	0.16	-0.28	-10.00	-10.00	0.80	0.24	-10.00	-0.64	-0.99	-0.68	0.29	-1.79	-0.93	0.28	1.33	-10.00	-0.41	1.13	-3.67	0.50	-3.00	0.84	0.06	0.84	-2.33	0.01	-10.00	-0.44	0.89	-1.25	-2.58	0.59	-1.34	-1.78	0.44	-1.43	-0.98	0.54	0.96	-3.65	0.10	-0.22	-0.58	-0.39	1.24	1.23	-0.30	0.03	0.25	0.30	0.39	-3.48	0.21	-0.56	0.74	0.17	0.70	0.53	0.10	0.29	0.38
G	-0.95	-10.00	-1.24	-0.08	-0.02	0.41	1.40	-1.19	-0.58	-3.14	0.73	0.37	0.70	-10.00	-0.31	1.13	-10.00	0.03	-3.14	-0.96	0.62	-10.00	-0.31	-0.42	0.29	0.17	-0.08	-0.81	-3.81	0.03	-0.19	0.98	-1.18	1.13	-0.99	-0.84	-0.10	-2.45	-0.06	0.87	-0.85	-0.58	-3.12	-10.00	0.42	0.49	-1.58	-0.29	-0.40	-1.82	0.54	0.54	-0.46	0.00	-1.04	-10.00	-0.16	-0.12	-0.45	0.08	-0.87	0.00	0.20	-0.54	0.06
scoring matrix:
A	-0.14	0.56	0.49	0.27	-0.17	-2.46	-1.07	-2.17	1.15	-10.00	0.03	-2.64	-0.79	0.07	-0.24	0.38	0.79	1.05	-0.11	-10.00	0.55	-10.00	-10.00	-0.49	-10.00	-1.77	0.73	-0.67	0.84	0.25	-1.86	0.87	-4.09	-0.30	-0.18	0.41	-0.88	-1.54	1.12	-1.48	-1.36	0.96
T	-0.89	-0.73	0.51	-1.10	0.48	0.47	0.27	-10.00	-10.00	0.79	0.64	1.39	0.60	0.24	-10.00	-0.85	-3.97	-10.00	-0.47	1.38	0.60	0.55	1.41	1.19	0.88	0.10	-3.30	-0.10	-0.26	-10.00	0.66	-10.00	1.22	0.24	-1.42	-0.47	0.01	-10.00	-10.00	0.65	-1.22	-2.89
C	-0.38	0.16	-1.34	-0.65	-1.43	-0.83	0.56	-10.00	-10.00	0.74	-2.22	-10.00	0.42	0.36	0.58	-0.13	-0.16	-3.80	-0.06	-10.00	-3.82	1.03	-10.00	-3.82	0.69	-0.24	0.27	0.94	-1.94	0.17	0.59	-1.19	-0.38	0.38	0.56	0.12	0.71	1.51	-2.73	0.80	-1.75	-0.78
G	0.72	-0.97	-2.17	0.52	0.21	0.73	-0.09	1.40	-3.97	-2.02	-0.20	-3.97	-0.88	-1.40	0.48	0.08	-0.63	-0.96	0.45	-2.02	-3.97	-10.00	-10.00	-10.00	-3.97	0.78	-1.26	-0.92	-1.80	0.37	-0.91	-0.34	-10.00	-0.42	0.28	-0.54	-0.14	-3.97	-2.58	-3.97	1.23	-1.19
Start Probabilities	0.87	0.13	
Ending Probabilities	0.01	1.00	
Trasnition Probability Matrix
0.00	0.99	
0.00	0.00	
Window size:65
Gap length:400
Match score cuttof:0.00
++++++++++++++++++++++++++++++++++++++++++++++++++++++
scoring matrix:
A	0.12	-3.22	-3.22	-0.19	-0.62	-1.56	0.44	-4.58	-4.58	-0.56	1.10	-4.58	-0.15	-3.89	-4.58	-0.33	1.05	1.09	-10.00	-2.79	0.52	-1.03	0.30	-2.61	-0.01	0.36	-10.00	-0.70	-10.00	1.11	0.45	-1.81	0.34	-0.66	-1.59	-0.59	-0.72	-0.95	-3.46	-0.49	1.01	1.05	-1.93	-0.51	-1.36	-0.95	-0.94	0.74	-1.48	-0.65	-1.62	-0.15	0.06	-0.30	-0.31	-2.07	0.41	-0.05	-3.55	-2.07	-1.52	-2.07	1.01	-4.20	-1.58	0.99
T	-0.69	-4.42	-10.00	0.41	0.07	1.24	-0.32	-3.02	-3.71	0.39	-3.71	1.31	0.18	-10.00	-10.00	-0.81	-3.02	-2.80	0.40	0.75	0.49	0.43	-0.14	0.73	0.12	0.63	-10.00	-0.07	-2.43	-10.00	-3.28	1.07	0.56	0.52	0.87	0.99	0.12	-3.28	-4.37	-0.09	-2.78	-1.51	0.90	0.54	1.22	0.31	1.03	0.20	0.67	0.09	1.20	-0.22	0.30	-3.25	0.32	0.49	-0.18	0.06	0.84	1.19	0.34	-3.39	-1.81	0.57	-1.05	-3.01
C	0.67	-10.00	-4.11	0.36	-0.25	-4.09	-2.31	1.42	1.62	0.37	-2.31	-3.00	0.71	-10.00	-10.00	0.61	-2.71	-3.00	1.11	0.74	-2.00	0.55	0.35	0.75	-0.03	-10.00	1.05	0.71	1.59	-2.29	-4.06	-0.22	-1.10	0.30	-0.70	-1.53	0.99	-2.97	1.25	0.71	-1.15	-10.00	0.36	0.40	-10.00	0.55	-1.25	-10.00	0.40	0.94	-1.77	-0.27	-2.95	1.18	0.51	-0.03	-0.37	0.36	0.35	-3.74	0.67	-3.74	-3.74	0.82	1.27	-3.10
G	-0.56	1.48	1.48	-1.35	0.56	-3.54	0.27	-0.24	-10.00	-0.42	-3.13	-10.00	-2.63	1.49	1.49	0.28	-1.25	-2.29	-3.52	-4.21	-4.18	-0.47	-1.28	-10.00	-0.13	-1.82	0.66	-0.11	-10.00	-10.00	0.77	-3.11	-2.42	-0.58	-0.12	-1.29	-2.60	1.34	0.28	-0.29	-1.82	-2.27	-2.81	-1.23	-10.00	-0.23	-1.17	-4.16	-0.64	-1.72	-3.48	0.50	0.28	-0.70	-1.08	0.40	-0.32	-0.50	-1.30	-3.86	-0.35	1.35	-3.22	-1.74	-0.82	-1.25
Start Probabilities	1.00	
Ending Probabilities	1.00	
Trasnition Probability Matrix
0.00	
Window size:66
Gap length:400
Match score cuttof:0.00
++++++++++++++++++++++++++++++++++++++++++++++++++++++
scoring matrix:
A	-1.15	-0.60	-0.73	-0.13	-3.41	-0.51	-0.24	0.93	-0.12	-0.77	-0.09	-0.43	-0.06	0.27	-0.71	-0.73	-1.51
T	-1.69	0.96	-0.27	0.20	1.36	-0.16	-1.07	-1.34	-0.36	-3.53	-3.14	-0.22	-0.22	0.80	0.49	0.82	1.25
C	-0.15	-0.13	-0.23	0.05	-1.63	-0.19	-0.54	-2.38	0.11	1.15	0.88	-0.38	0.53	-1.89	0.32	-0.11	-3.45
G	0.96	-2.04	0.69	-0.11	-2.40	0.56	0.78	-0.62	0.27	-0.43	-0.30	0.62	-0.40	-1.73	-0.35	-0.64	-0.96
scoring matrix:
A	0.79	-0.31	-0.67	-0.53	0.48	-0.39	0.04	0.70	-1.60	0.63	-1.94	-0.32	-1.08	0.26	-1.34
T	-0.32	1.10	0.38	-0.07	-1.38	0.04	-0.20	-1.04	0.79	0.41	-2.27	-0.14	1.16	-0.78	0.35
C	-1.59	-2.41	0.73	0.32	-0.09	0.00	-0.11	0.09	0.47	-1.55	1.16	0.69	-2.19	-0.04	0.95
G	-0.94	-2.78	-1.64	0.21	-0.02	0.30	0.19	-1.34	-1.16	-2.39	-0.10	-0.50	-0.79	0.15	-2.49
scoring matrix:
A	-0.45	0.03	0.39	-0.25	-0.32	0.99	-0.40	-0.21	-0.70	-0.15	0.36	0.85	0.32	-0.84	0.08	0.17	0.66	0.11	0.37	0.21	0.10	-0.30
T	-1.01	-0.79	-0.16	0.49	-0.56	-1.28	0.18	-1.11	-0.59	-0.64	-3.52	-2.06	-1.29	-0.60	-1.07	-0.24	-0.88	-0.88	-1.10	-0.18	-0.53	-0.64
C	0.06	0.32	-0.52	-0.37	-1.30	-2.21	0.67	0.94	0.75	0.10	-1.11	-1.48	-0.65	0.37	-0.63	0.10	-0.34	0.55	0.22	0.35	-1.11	-0.56
G	0.66	0.12	-0.10	-0.06	0.83	-1.23	-0.91	-0.70	0.05	0.40	0.64	-0.23	0.45	0.51	0.61	-0.13	-0.51	-0.26	-0.17	-0.69	0.57	0.72
scoring matrix:
A	0.18	-0.51	0.78	-1.15	-1.61	0.93	-1.67	-0.63	0.79	-0.25	0.15	-1.17	0.04	-0.76	-4.58	-0.50	0.68	0.19	-0.22	0.17	0.52	-0.49
T	-0.02	-1.68	-0.91	-0.03	-2.25	-1.45	0.17	-2.13	-2.03	0.01	-1.07	1.15	0.46	0.57	1.38	-0.65	-1.04	0.82	-0.58	-0.57	-3.60	0.15
C	0.22	0.11	-0.37	0.93	1.42	-1.48	0.66	-0.45	-0.15	0.27	-0.36	-0.61	-0.47	0.44	-1.25	-0.27	0.12	-2.04	-0.49	-0.88	0.24	0.01
G	-0.54	0.75	-0.94	-0.57	-2.03	-0.70	0.02	0.98	-0.77	-0.01	0.50	-1.43	-0.31	-0.76	-3.02	0.74	-1.21	-1.21	0.67	0.50	-0.20	0.26
scoring matrix:
A	-2.74	-2.95	-0.03	0.38	0.49	-0.80	-1.06	-0.17	-0.57	0.62	-3.19	-0.00	0.11	-10.00	-0.01	-3.58	1.04	0.20	-0.73	-0.63	-0.67	-2.09	-2.08
T	-3.99	-3.34	-0.57	0.08	0.40	0.63	0.48	0.64	0.28	0.29	-0.08	-0.43	0.90	-2.30	0.08	-2.04	-2.68	-1.52	0.71	0.48	-0.32	1.04	1.30
C	-10.00	-2.24	0.44	0.08	-1.15	0.31	0.62	-1.95	0.45	-0.94	1.08	0.41	-1.95	1.02	0.12	1.39	-1.75	-1.67	-0.57	-2.61	-0.21	0.09	-2.22
G	1.26	1.24	-0.05	-1.33	-1.22	-0.70	-0.83	0.01	-0.32	-2.55	-0.93	-0.12	-2.12	0.28	-0.18	-2.39	-2.39	0.71	-0.00	0.52	0.67	-2.13	-3.40
scoring matrix:
A	-10.00	1.02	-1.51	0.64	-3.87	-2.10	-3.87	1.17	-3.87	-1.24	1.11	-1.61	0.40	-3.20	-1.61
T	1.31	-1.08	0.81	-0.12	1.13	0.13	-10.00	-4.29	0.56	-10.00	-1.44	0.79	0.13	1.23	0.26
C	-1.91	-10.00	0.59	-3.46	-1.20	-0.88	-10.00	-3.52	0.99	-4.22	-3.53	0.68	-1.94	-2.44	0.33
G	-10.00	-3.37	-2.55	-0.20	-0.20	0.88	1.35	-4.38	-3.01	1.27	-3.71	-4.40	-0.00	-0.39	0.30
scoring matrix:
A	0.26	-0.39	0.13	-2.18	-0.29	0.40	0.09	-0.35	-0.01	0.09	-0.05	0.88	0.85	0.46	-0.41
T	-2.78	-0.36	0.33	1.01	-0.00	-0.40	-0.33	-0.51	-1.76	-3.49	-0.88	-1.49	-1.10	-1.32	0.09
C	-0.35	-0.03	-0.88	0.21	0.35	-1.29	0.62	0.22	0.92	-1.77	-0.07	-0.74	-1.06	-1.53	0.33
G	0.53	0.51	-0.05	-1.75	-0.04	0.27	-0.90	0.41	-0.77	0.87	0.49	-0.91	-0.72	0.47	-0.02
Start Probabilities	0.36	0.32	0.06	0.12	0.11	0.04	0.00	
Ending Probabilities	0.03	0.01	0.25	0.05	0.03	0.61	1.00	
Trasnition Probability Matrix
0.00	0.39	0.22	0.06	0.21	0.08	0.01	
0.00	0.00	0.37	0.38	0.23	0.02	0.00	
0.00	0.00	0.00	0.36	0.37	0.02	0.01	
0.00	0.00	0.00	0.00	0.82	0.13	0.00	
0.00	0.00	0.00	0.00	0.00	0.96	0.01	
0.00	0.00	0.00	0.00	0.00	0.00	0.39	
0.00	0.00	0.00	0.00	0.00	0.00	0.00	
Window size:23
Gap length:400
Match score cuttof:16.86
++++++++++++++++++++++++++++++++++++++++++++++++++++++
######################################################
Start Probability:0.04	0.96	0.00
End Probability:0.22	0.10	0.68
Transition Probability:
0.23	0.03	0.74
0.62	0.15	0.22
0.80	0.20	0.00
Gap Length:10000
