align matrix:
A	0	2	19	19	0	0	11	0
T	1	0	0	0	1	0	7	0
C	0	17	0	0	18	13	0	6
G	18	0	0	0	0	6	1	13
align matrix:
A	16	15	0	18	19	0	4	17	2
T	3	1	0	0	0	0	0	0	2
C	0	0	16	0	0	19	14	2	15
G	0	3	3	1	0	0	1	0	0
align matrix:
A	7	12	0	14	14	0	19	19
T	0	0	1	4	0	1	0	0
C	11	2	7	0	4	15	0	0
G	1	5	11	1	1	3	0	0
++++++++++++++++++++++++++++++++++++++++++++++++++++++
align matrix:
A	262	260	0	62	0	0	255	254	0	247	262	0	102
T	0	0	195	56	33	17	6	0	212	6	0	85	1
C	1	2	67	30	215	2	0	1	51	1	0	178	23
G	0	1	1	115	15	244	2	8	0	9	1	0	137
align matrix:
A	67	27	11	0	47	36	0	0	251	257	0	119	0	4	253	259	0	36	0	0	262	262	0	192	33	0	85	0	0
T	1	130	138	9	81	212	0	43	4	0	188	61	0	20	7	0	217	12	0	18	0	0	148	24	230	24	20	0	48
C	161	47	52	231	94	0	246	1	6	3	69	43	214	17	0	2	41	44	219	6	0	0	115	0	0	233	0	17	136
G	34	59	62	23	41	15	17	213	2	3	6	40	49	222	3	2	5	171	44	239	1	1	0	47	0	6	158	246	73
align matrix:
A	42	0	1	0	106	0	11	46
T	166	47	180	1	1	33	62	216
C	0	157	38	258	15	113	190	1
G	55	54	44	0	141	113	0	0
++++++++++++++++++++++++++++++++++++++++++++++++++++++
align matrix:
A	117	126	9	67	53	7	26	23	5	287	282	0	56	12	1	287	282	0	116	113	0	299	300	0	227	121	0	10	8	0
T	56	9	96	30	25	94	135	0	80	5	7	143	85	56	13	10	0	38	127	30	19	0	0	43	30	161	72	15	13	124
C	52	132	123	115	149	108	14	143	112	0	8	154	37	189	89	1	0	250	1	73	140	0	0	261	13	4	215	10	76	105
G	79	37	76	92	77	95	129	138	107	12	7	7	126	47	201	6	22	16	60	88	145	5	4	0	26	18	17	269	207	75
++++++++++++++++++++++++++++++++++++++++++++++++++++++
######################################################
align matrix:
A	1	96	46	0	62	94	0	0
T	52	43	11	61	35	24	81	3
C	149	22	53	125	20	24	113	5
G	17	58	109	33	102	77	25	211
align matrix:
A	8	0	91	104	1	12	27	0	72	95	0	62	120	1	72	75	0	61	82
T	0	35	51	16	90	65	81	2	36	15	7	98	23	32	63	16	32	69	12
C	6	168	13	27	121	44	86	104	16	10	209	15	12	170	11	27	164	16	32
G	205	16	58	72	7	98	25	113	95	99	3	44	64	16	73	101	23	73	93
++++++++++++++++++++++++++++++++++++++++++++++++++++++
align matrix:
A	12	46	13	1	137	176	0	142	10	0	2	0	1	1	0	0
T	190	68	7	7	83	29	130	58	304	47	0	23	101	255	115	195
C	152	9	289	34	51	47	234	36	11	317	5	4	149	0	209	139
G	16	247	61	311	99	118	6	130	45	0	355	343	101	114	46	36
++++++++++++++++++++++++++++++++++++++++++++++++++++++
align matrix:
A	0	111	175	2	18	4	1	115	154	0	120	146	0	64	97	0	72	62	0	84	105	0	33
T	77	95	26	123	85	137	29	85	21	69	117	97	22	58	8	42	83	47	101	55	17	91	148
C	200	28	31	180	82	56	85	11	24	241	19	14	286	9	18	240	14	40	148	81	62	116	11
G	36	79	81	8	128	116	198	102	114	0	57	56	5	182	190	31	144	164	64	93	129	106	121
++++++++++++++++++++++++++++++++++++++++++++++++++++++
######################################################
align matrix:
A	83	2	115	78	180	55	38	285	138	134	248	111	298	1	114	117	33	111	64	177	111	131
T	139	343	112	252	161	157	22	1	64	10	33	38	9	331	129	109	189	119	109	5	91	62
C	105	3	45	22	8	136	66	55	37	132	27	21	4	16	74	21	40	98	12	126	54	63
G	22	2	79	1	5	6	228	11	113	76	44	182	41	4	34	103	88	22	165	42	94	94
align matrix:
A	97	72	58	91	363	363	212	72	211	217	183	0	107	128	194	82	311	1	133	47	197	68	194	123	138	16	30	52
T	74	4	7	63	0	2	0	14	87	24	2	0	18	6	132	85	5	362	150	190	123	103	28	100	72	103	218	95
C	69	190	172	66	0	0	1	31	25	35	178	0	44	57	24	82	7	4	58	76	27	128	77	46	51	194	117	48
G	118	92	122	139	0	0	152	248	42	89	2	365	195	173	17	118	44	0	24	52	18	66	67	97	107	53	1	171
align matrix:
A	80	13	114	66	3	45	286	1	109	199	210	158	151	180	108	172	64	91	2	2	119	270	16	94
T	82	0	116	256	1	115	23	367	94	0	1	38	0	0	50	0	0	103	0	0	125	23	246	143
C	0	234	98	1	127	182	15	2	154	173	138	46	14	1	128	204	0	63	0	0	61	32	100	57
G	212	127	47	52	244	33	51	5	18	3	26	133	210	194	90	0	312	118	372	373	68	47	11	79
align matrix:
A	203	249	79	160	269	69	170	4	128	170	252	116	188	169	101	43	96	52	173	0	136
T	12	11	77	74	19	141	52	357	37	12	22	64	23	31	81	93	80	163	96	348	77
C	104	24	31	63	33	35	17	3	105	107	2	30	116	33	40	1	130	62	70	17	53
G	56	91	188	78	54	130	137	12	106	87	100	166	49	143	154	239	70	99	35	9	108
align matrix:
A	130	0	38	0	351	2	30	363	0	265	2	37	40	5	57	185	2	124	18	7	75	2
T	89	166	91	0	15	221	0	1	218	23	312	142	51	287	100	58	340	124	168	329	121	84
C	0	125	78	0	0	144	1	0	147	9	1	69	45	42	60	33	3	29	151	12	111	37
G	144	74	159	366	0	0	336	1	0	68	48	115	227	28	145	71	2	74	14	3	46	229
align matrix:
A	46	56	282	110	123	2	164	14	16	3	54	52	79	134	1	70	66	177	74	70
T	93	14	0	18	9	347	48	324	292	148	8	9	67	85	281	120	74	22	90	73
C	36	272	20	29	5	8	79	6	22	197	296	236	78	18	75	84	12	128	105	39
G	166	1	42	206	226	6	72	19	32	13	3	63	135	121	1	83	204	20	73	160
++++++++++++++++++++++++++++++++++++++++++++++++++++++
align matrix:
A	1	68	41	150	40	17	37	0	89	78	64	16	266	9	108	26	73	93	15	48	40	0	62	1	275	69	27	205	4	24	23	24	141	9	57	22	96	9	152	150	42	76
T	55	39	25	3	98	242	238	103	19	19	72	1	1	94	1	0	86	2	259	116	6	268	45	2	0	78	38	15	82	90	115	46	45	257	71	158	73	83	4	77	66	36
C	214	74	98	105	76	16	1	161	147	28	72	6	11	168	166	1	33	16	1	56	5	7	50	266	0	67	210	1	124	60	80	63	64	8	77	16	50	172	98	5	89	92
G	4	93	110	16	61	1	0	12	21	156	73	258	3	4	0	248	83	164	0	55	224	0	118	6	0	61	0	54	65	101	57	142	25	0	69	78	55	10	20	42	77	70
align matrix:
A	0	285	1	159	0	74	118	127	114	135	135	98	0	128	0	0	2	0	143	86	18	154	49	51	231	0
T	1	0	134	34	281	70	41	22	26	42	0	56	284	157	122	284	283	147	75	149	25	74	0	76	0	275
C	0	1	151	49	4	73	86	48	76	23	43	24	1	0	163	0	0	137	39	48	84	46	74	113	4	10
G	285	0	0	43	0	68	40	88	69	85	107	107	0	0	0	1	0	1	28	2	158	11	162	45	50	0
++++++++++++++++++++++++++++++++++++++++++++++++++++++
align matrix:
A	6	15	35	0	102	1	126	0	55	4	4	56	122	120	97	61	7	36	0	214	0	68	3	35	72	55	98	151	188	72	0	122	0	0	56	0	15	140	35	171	89	10	174	1	45
T	27	14	55	193	1	76	4	199	77	81	203	20	28	83	18	82	92	60	0	0	124	100	210	91	72	0	30	1	0	33	214	88	103	214	158	129	55	2	48	31	0	104	0	189	66
C	2	2	97	0	0	45	0	7	55	117	4	25	52	5	23	1	17	79	0	0	90	2	0	68	65	86	35	29	1	43	0	0	111	0	0	85	24	54	109	5	48	82	15	24	67
G	169	174	18	20	110	92	84	8	27	12	3	113	12	6	76	70	98	39	214	0	0	44	1	20	5	73	51	33	25	66	0	4	0	0	0	0	120	18	22	7	77	18	25	0	36
align matrix:
A	57	79	19	32	51	29	29	12	133	8	0	0	62	109	143	26	30	82	63	91	5	56	0	206	0	48	198	14	31	107	3	100	0	68	201	166	101	37	156	90	49	103	65	21	24	68	35	74	64	109	21	32	136	169	128
T	35	15	193	92	82	132	69	157	67	99	46	116	26	38	19	85	5	4	18	66	203	77	5	1	76	1	0	79	170	89	88	14	189	15	0	1	12	17	29	55	1	80	26	64	131	34	0	1	50	16	169	36	4	10	12
C	73	78	0	35	55	48	43	27	7	76	153	85	27	6	31	95	74	57	45	40	2	47	1	0	134	161	5	108	9	1	86	10	14	93	2	28	4	12	1	27	39	2	36	121	4	49	71	3	64	32	8	87	36	8	24
G	47	40	0	53	24	3	71	14	3	27	11	9	95	57	17	4	101	67	84	13	0	30	203	3	0	0	7	9	0	13	33	86	7	34	7	15	93	144	24	37	120	24	82	3	50	58	103	131	31	52	12	55	34	23	46
align matrix:
A	35	41	47	34	108	144	81	120	31	43	112	56	42	130	85	58	94	61	70	135	37	31	101	65	58	102	49	81	185	179	92	38	4	36	124	112	70	153	134	76	18	35	27	27
T	54	12	2	47	6	0	24	24	3	34	6	113	49	6	16	39	1	9	41	12	144	25	6	3	27	2	0	4	0	3	4	46	182	20	6	14	18	14	7	30	118	135	34	24
C	86	118	73	64	8	19	33	26	42	87	20	20	56	25	55	56	53	41	34	8	9	22	86	3	22	79	13	34	10	1	3	87	9	67	47	0	28	11	27	22	58	1	65	57
G	18	22	71	48	71	30	55	24	118	30	56	5	47	34	39	42	47	84	50	40	5	116	2	124	88	12	133	76	0	12	96	24	0	70	16	67	79	17	27	67	1	22	67	85
++++++++++++++++++++++++++++++++++++++++++++++++++++++
######################################################
