scoring matrix:
A	-10.00	-1.48	0.77	0.77	-10.00	-10.00	0.22	-10.00
T	0.07	-10.00	-10.00	-10.00	0.07	-10.00	2.02	-10.00
C	-10.00	0.98	-10.00	-10.00	1.04	0.72	-10.00	-0.06
G	1.83	-10.00	-10.00	-10.00	-10.00	0.73	-1.06	1.50
scoring matrix:
A	0.60	0.53	-10.00	0.71	0.77	-10.00	-0.79	0.66	-1.48
T	1.17	0.07	-10.00	-10.00	-10.00	-10.00	-10.00	-10.00	0.76
C	-10.00	-10.00	0.92	-10.00	-10.00	1.10	0.79	-1.16	0.86
G	-10.00	0.04	0.04	-1.06	-10.00	-10.00	-1.06	-10.00	-10.00
scoring matrix:
A	-0.23	0.31	-10.00	0.46	0.46	-10.00	0.77	0.77
T	-10.00	-10.00	0.07	1.46	-10.00	0.07	-10.00	-10.00
C	0.55	-1.16	0.10	-10.00	-0.46	0.86	-10.00	-10.00
G	-1.06	0.55	1.33	-1.06	-1.06	0.04	-10.00	-10.00
Start Probabilities	0.94	0.00	0.06	
Ending Probabilities	0.06	0.67	1.00	
Trasnition Probability Matrix
0.00	0.75	0.19	
0.00	0.00	0.33	
0.00	0.00	0.00	
Window size:9
Gap length:50
Match score cuttof:13.47
++++++++++++++++++++++++++++++++++++++++++++++++++++++
scoring matrix:
A	1.16	1.15	-10.00	-0.28	-10.00	-10.00	1.13	1.13	-10.00	1.10	1.16	-10.00	0.21
T	-10.00	-10.00	1.19	-0.06	-0.58	-1.25	-2.29	-10.00	1.28	-2.29	-10.00	0.36	-4.08
C	-4.20	-3.51	0.00	-0.80	1.17	-3.51	-10.00	-4.20	-0.27	-4.20	-10.00	0.98	-1.07
G	-10.00	-4.00	-4.00	0.75	-1.29	1.50	-3.30	-1.92	-10.00	-1.80	-4.00	-10.00	0.92
scoring matrix:
A	-0.21	-1.12	-2.01	-10.00	-0.56	-0.83	-10.00	-10.00	1.11	1.14	-10.00	0.37	-10.00	-3.03	1.12	1.14	-10.00	-0.83	-10.00	-10.00	1.16	1.16	-10.00	0.85	-0.92	-10.00	0.03	-10.00	-10.00
T	-4.08	0.79	0.85	-1.88	0.31	1.28	-10.00	-0.29	-2.69	-10.00	1.16	0.03	-10.00	-1.09	-2.14	-10.00	1.30	-1.60	-10.00	-1.19	-10.00	-10.00	0.92	-0.90	1.36	-0.90	-1.09	-10.00	-0.18
C	0.88	-0.35	-0.25	1.24	0.34	-10.00	1.30	-4.08	-2.41	-3.10	0.03	-0.44	1.16	-1.37	-10.00	-3.51	-0.49	-0.42	1.19	-2.41	-10.00	-10.00	0.54	-10.00	-10.00	1.25	-10.00	-1.37	0.72
G	-0.47	0.08	0.13	-0.86	-0.28	-1.29	-1.16	1.35	-3.30	-2.90	-2.21	-0.31	-0.11	1.40	-2.90	-3.30	-2.39	1.14	-0.21	1.48	-4.00	-4.00	-10.00	-0.15	-10.00	-2.21	1.06	1.51	0.31
scoring matrix:
A	-0.67	-10.00	-4.41	-10.00	0.25	-10.00	-2.01	-0.58
T	1.03	-0.21	1.11	-4.00	-4.08	-0.56	0.05	1.29
C	-10.00	0.86	-0.57	1.34	-1.49	0.53	1.04	-4.20
G	0.01	0.01	-0.21	-10.00	0.95	0.73	-10.00	-10.00
Start Probabilities	0.98	0.02	0.00	
Ending Probabilities	0.00	0.03	1.00	
Trasnition Probability Matrix
0.00	0.99	0.00	
0.00	0.00	0.97	
0.00	0.00	0.00	
Window size:29
Gap length:50
Match score cuttof:25.72
++++++++++++++++++++++++++++++++++++++++++++++++++++++
scoring matrix:
A	0.16	0.24	-2.40	-0.40	-0.63	-2.66	-1.34	-1.47	-2.99	1.06	1.04	-10.00	-0.58	-2.12	-4.60	1.06	1.04	-10.00	0.15	0.13	-10.00	1.10	1.10	-10.00	0.83	0.19	-10.00	-2.30	-2.52	-10.00
T	0.13	-1.70	0.67	-0.49	-0.68	0.65	1.01	-10.00	0.49	-2.29	-1.95	1.07	0.55	0.13	-1.33	-1.59	-10.00	-0.26	0.95	-0.49	-0.95	-10.00	-10.00	-0.13	-0.45	1.19	0.38	-1.19	-1.33	0.93
C	-0.53	0.40	0.33	0.26	0.52	0.20	-1.84	0.48	0.24	-10.00	-2.40	0.56	-0.87	0.76	0.01	-4.48	-10.00	1.04	-4.48	-0.19	0.46	-10.00	-10.00	1.08	-1.84	-3.09	0.89	-2.18	-0.15	0.17
G	0.17	-0.59	0.13	0.32	0.14	0.35	0.66	0.72	0.47	-1.72	-2.26	-2.26	0.63	-0.35	1.10	-2.41	-1.11	-1.43	-0.11	0.27	0.77	-2.59	-2.82	-10.00	-0.90	-1.31	-1.37	1.39	1.13	0.11
Start Probabilities	1.00	
Ending Probabilities	1.00	
Trasnition Probability Matrix
0.00	
Window size:30
Gap length:50
Match score cuttof:15.26
++++++++++++++++++++++++++++++++++++++++++++++++++++++
######################################################
scoring matrix:
A	-3.78	0.78	0.05	-10.00	0.35	0.76	-10.00	-10.00
T	0.29	0.10	-1.27	0.45	-0.11	-0.49	0.73	-2.57
C	0.82	-1.09	-0.21	0.65	-1.18	-1.00	0.55	-2.57
G	-1.43	-0.20	0.43	-0.76	0.37	0.08	-1.04	1.09
scoring matrix:
A	-1.70	-10.00	0.74	0.86	-3.78	-1.29	-0.48	-10.00	0.50	0.77	-10.00	0.35	1.01	-3.78	0.50	0.54	-10.00	0.33	0.63
T	-10.00	-0.11	0.29	-0.89	0.83	0.51	0.73	-2.97	-0.08	-0.96	-1.72	0.92	-0.53	-0.20	0.48	-0.89	-0.20	0.57	-1.18
C	-2.39	0.94	-1.54	-0.88	0.62	-0.40	0.27	0.46	-1.41	-1.88	1.16	-1.47	-1.70	0.96	-1.78	-0.88	0.92	-1.41	-0.71
G	1.06	-1.49	-0.17	0.02	-2.31	0.33	-1.04	0.47	0.29	0.34	-3.16	-0.48	-0.10	-1.49	0.03	0.36	-1.12	0.03	0.27
Start Probabilities	0.82	0.18	
Ending Probabilities	0.42	1.00	
Trasnition Probability Matrix
0.00	0.58	
0.00	0.00	
Window size:19
Gap length:50
Match score cuttof:10.85
++++++++++++++++++++++++++++++++++++++++++++++++++++++
scoring matrix:
A	-1.11	0.23	-1.03	-3.39	1.32	1.57	-10.00	1.36	-1.29	-10.00	-2.82	-10.00	-3.37	-3.60	-10.00	-10.00
T	0.73	-0.30	-2.57	-2.41	-0.10	-1.15	0.35	-0.44	1.20	-0.64	-10.00	-1.38	0.14	1.03	0.23	0.76
C	0.23	-2.60	0.87	-1.17	-0.87	-0.95	0.66	-1.19	-2.40	0.96	-3.10	-3.41	0.24	-10.00	0.55	0.14
G	-2.02	0.71	-0.68	0.95	-0.20	-0.02	-3.00	0.08	-0.99	-10.00	1.08	1.04	-0.12	-0.06	-0.97	-1.21
Start Probabilities	1.00	
Ending Probabilities	1.00	
Trasnition Probability Matrix
0.00	
Window size:16
Gap length:50
Match score cuttof:12.81
++++++++++++++++++++++++++++++++++++++++++++++++++++++
scoring matrix:
A	-10.00	0.69	1.14	-3.33	-1.13	-2.64	-4.02	0.72	1.01	-10.00	0.76	0.96	-10.00	0.14	0.55	-10.00	0.25	0.10	-10.00	0.41	0.63	-10.00	-0.53
T	0.12	0.33	-0.96	0.59	0.22	0.70	-0.85	0.22	-1.18	0.02	0.54	0.35	-1.13	-0.16	-2.14	-0.48	0.20	-0.37	0.39	-0.21	-1.39	0.29	0.77
C	0.87	-1.10	-0.99	0.76	-0.02	-0.40	0.01	-2.03	-1.25	1.06	-1.48	-1.79	1.23	-2.23	-1.54	1.05	-1.79	-0.74	0.57	-0.03	-0.30	0.33	-2.03
G	-1.07	-0.29	-0.26	-2.58	0.20	0.10	0.63	-0.03	0.08	-10.00	-0.61	-0.63	-3.05	0.55	0.59	-1.22	0.31	0.44	-0.50	-0.12	0.20	0.01	0.14
Start Probabilities	0.00	
Ending Probabilities	0.00	
Trasnition Probability Matrix
0.00	
Window size:23
Gap length:50
Match score cuttof:0.00
++++++++++++++++++++++++++++++++++++++++++++++++++++++
######################################################
scoring matrix:
A	-0.29	-3.75	0.01	-0.36	0.42	-0.69	-1.04	0.85	0.18	0.15	0.72	-0.03	0.89	-4.42	-0.00	0.03	-1.15	-0.02	-0.53	0.41	-0.02	0.13
T	0.44	1.28	0.24	0.99	0.57	0.55	-1.30	-4.17	-0.29	-2.02	-0.90	-0.77	-2.12	1.25	0.37	0.22	0.73	0.30	0.22	-2.65	0.05	-0.31
C	0.41	-2.89	-0.38	-1.06	-2.01	0.65	-0.03	-0.20	-0.57	0.62	-0.86	-1.10	-2.64	-1.35	0.08	-1.08	-0.49	0.35	-1.60	0.58	-0.21	-0.06
G	-1.22	-3.45	-0.04	-4.14	-2.64	-2.47	0.95	-1.88	0.29	-0.08	-0.59	0.74	-0.66	-2.83	-0.83	0.21	0.06	-1.23	0.65	-0.63	0.12	0.12
scoring matrix:
A	-0.17	-0.46	-0.67	-0.24	1.08	1.08	0.56	-0.48	0.56	0.59	0.42	-10.00	-0.10	0.08	0.47	-0.36	0.93	-4.65	0.11	-0.90	0.49	-0.54	0.48	0.03	0.14	-1.95	-1.34	-0.80
T	-0.17	-2.94	-2.42	-0.33	-10.00	-3.69	-10.00	-1.80	-0.03	-1.28	-3.69	-10.00	-1.55	-2.61	0.37	-0.06	-2.82	1.35	0.49	0.72	0.30	0.13	-1.14	0.10	-0.23	0.13	0.85	0.05
C	-0.00	0.96	0.87	-0.05	-10.00	-10.00	-4.12	-0.79	-1.00	-0.68	0.90	-10.00	-0.45	-0.20	-1.05	0.14	-2.25	-2.80	-0.19	0.07	-0.93	0.58	0.08	-0.42	-0.32	0.98	0.49	-0.37
G	0.32	0.08	0.35	0.47	-10.00	-10.00	0.55	1.03	-0.69	0.03	-3.64	1.40	0.79	0.68	-1.58	0.30	-0.66	-10.00	-1.23	-0.49	-1.51	-0.25	-0.24	0.12	0.21	-0.47	-4.33	0.67
scoring matrix:
A	-0.41	-2.22	-0.07	-0.61	-3.68	-0.99	0.85	-4.78	-0.11	0.49	0.54	0.26	0.21	0.39	-0.12	0.34	-0.64	-0.29	-4.07	-4.09	-0.02	0.79	-2.00	-0.25
T	-0.12	-10.00	0.22	1.01	-4.50	0.22	-1.39	1.37	0.01	-10.00	-4.50	-0.89	-10.00	-10.00	-0.62	-10.00	-10.00	0.11	-10.00	-10.00	0.30	-1.37	0.97	0.44
C	-10.00	1.17	0.30	-4.26	0.56	0.92	-1.57	-3.57	0.75	0.87	0.64	-0.45	-1.63	-4.26	0.57	1.03	-10.00	-0.14	-10.00	-10.00	-0.16	-0.80	0.33	-0.23
G	0.87	0.36	-0.63	-0.53	1.01	-0.98	-0.55	-2.86	-1.58	-3.36	-1.22	0.41	0.86	0.78	0.02	-10.00	1.26	0.29	1.43	1.43	-0.25	-0.61	-2.05	-0.10
scoring matrix:
A	0.51	0.71	-0.43	0.27	0.79	-0.57	0.33	-3.41	0.05	0.33	0.72	-0.05	0.43	0.32	-0.19	-1.04	-0.24	-0.85	0.35	-10.00	0.11
T	-2.03	-2.12	-0.18	-0.22	-1.58	0.42	-0.58	1.34	-0.92	-2.04	-1.44	-0.37	-1.39	-1.09	-0.14	0.00	-0.15	0.56	0.04	1.32	-0.18
C	0.36	-1.10	-0.84	-0.14	-0.78	-0.72	-1.45	-3.18	0.37	0.39	-3.58	-0.88	0.47	-0.79	-0.59	-4.27	0.58	-0.16	-0.03	-1.43	-0.31
G	-0.45	0.03	0.75	-0.12	-0.49	0.39	0.44	-1.99	0.18	-0.02	0.12	0.63	-0.59	0.48	0.55	0.99	-0.23	0.11	-0.91	-2.26	0.20
scoring matrix:
A	0.09	-10.00	-1.11	-10.00	1.05	-3.98	-1.34	1.08	-10.00	0.78	-3.93	-1.12	-1.04	-3.03	-0.70	0.46	-3.71	0.08	-1.72	-2.60	-0.40	-3.78
T	-0.01	0.59	0.01	-10.00	-1.74	0.87	-10.00	-4.36	0.86	-1.32	1.20	0.44	-0.54	1.12	0.11	-0.36	1.27	0.33	0.62	1.24	0.31	-0.03
C	-10.00	0.56	0.10	-10.00	-10.00	0.69	-4.15	-10.00	0.71	-1.99	-4.09	-0.01	-0.43	-0.49	-0.15	-0.65	-2.86	-0.79	0.75	-1.61	0.46	-0.57
G	0.50	-0.14	0.60	1.40	-10.00	-10.00	1.32	-4.31	-10.00	-0.23	-0.55	0.29	0.94	-1.07	0.51	-0.13	-3.41	-0.10	-1.65	-3.09	-0.55	0.95
scoring matrix:
A	-0.79	-0.63	0.84	-0.07	0.04	-3.93	0.32	-2.05	-1.92	-3.51	-0.74	-0.77	-0.37	0.13	-4.52	-0.48	-0.53	0.42	-0.37	-0.42
T	0.09	-1.64	-10.00	-1.55	-2.21	1.30	-0.60	1.24	1.14	0.49	-2.31	-2.19	-0.27	-0.04	1.10	0.29	-0.16	-1.25	0.06	-0.13
C	-0.55	1.29	-1.09	-0.85	-2.54	-2.09	0.12	-2.37	-1.11	1.00	1.39	1.17	0.11	-1.28	0.08	0.19	-1.65	0.60	0.42	-0.48
G	0.66	-3.99	-0.60	0.85	0.94	-2.56	-0.16	-1.45	-0.94	-1.80	-3.20	-0.28	0.45	0.34	-4.21	-0.01	0.84	-1.29	-0.09	0.62
Start Probabilities	0.82	0.12	0.05	0.00	0.01	0.00	
Ending Probabilities	0.00	0.00	0.00	0.04	0.17	1.00	
Trasnition Probability Matrix
0.00	0.90	0.10	0.00	0.00	0.00	
0.00	0.00	0.98	0.01	0.02	0.00	
0.00	0.00	0.00	0.83	0.16	0.00	
0.00	0.00	0.00	0.00	0.88	0.09	
0.00	0.00	0.00	0.00	0.00	0.83	
0.00	0.00	0.00	0.00	0.00	0.00	
Window size:28
Gap length:400
Match score cuttof:29.55
++++++++++++++++++++++++++++++++++++++++++++++++++++++
scoring matrix:
A	-4.19	-0.15	-0.63	0.61	-0.66	-1.49	-0.74	-10.00	0.11	-0.04	-0.23	-1.60	1.17	-2.09	0.30	-1.07	-0.08	0.15	-1.60	-0.48	-0.66	-10.00	-0.24	-4.21	1.19	-0.14	-1.04	0.91	-2.87	-1.15	-1.19	-1.15	0.55	-2.08	-0.31	-1.23	0.18	-2.08	0.62	0.61	-0.61	-0.04
T	-0.21	-0.54	-0.96	-3.00	0.34	1.21	1.20	0.39	-1.24	-1.28	0.03	-4.18	-4.18	0.30	-4.07	-10.00	0.22	-3.40	1.28	0.50	-2.34	1.31	-0.41	-3.40	-10.00	0.12	-0.57	-1.46	0.17	0.26	0.50	-0.39	-0.41	1.27	0.04	0.80	0.06	0.19	-2.72	0.11	-0.03	-0.62
C	1.22	0.21	0.48	0.54	0.23	-1.28	-3.95	0.95	0.86	-0.77	0.16	-2.28	-1.68	0.99	0.98	-3.93	-0.57	-1.27	-3.93	-0.06	-2.39	-2.06	-0.17	1.43	-10.00	0.11	1.21	-3.93	0.70	0.00	0.28	0.05	0.07	-1.92	0.25	-1.26	-0.17	1.02	0.48	-2.37	0.38	0.42
G	-2.70	0.32	0.48	-1.37	-0.09	-4.06	-10.00	-1.66	-1.12	0.81	0.06	1.30	-3.07	-2.71	-10.00	1.26	0.21	0.86	-10.00	-0.19	1.16	-10.00	0.54	-2.32	-10.00	-0.09	-10.00	-0.21	-0.03	0.39	-0.16	0.72	-0.95	-10.00	0.03	0.15	-0.19	-1.82	-1.16	-0.44	0.14	0.04
scoring matrix:
A	-10.00	1.24	-4.41	0.66	-10.00	-0.11	0.36	0.43	0.32	0.49	0.49	0.17	-10.00	0.44	-10.00	-10.00	-3.70	-10.00	0.55	0.04	-1.52	0.62	-0.52	-0.48	1.03	-10.00
T	-4.27	-10.00	0.63	-0.74	1.37	-0.02	-0.55	-1.17	-1.00	-0.53	-10.00	-0.24	1.38	0.79	0.54	1.38	1.38	0.72	0.05	0.74	-1.04	0.04	-10.00	0.07	-10.00	1.35
C	-10.00	-4.13	0.89	-0.23	-2.73	0.16	0.33	-0.25	0.20	-0.99	-0.36	-0.95	-4.11	-10.00	0.96	-10.00	-10.00	0.79	-0.46	-0.25	0.30	-0.30	0.18	0.60	-2.73	-1.82
G	1.41	-10.00	-10.00	-0.48	-10.00	-0.02	-0.55	0.24	-0.01	0.20	0.43	0.43	-10.00	-10.00	-10.00	-4.23	-10.00	-4.23	-0.91	-3.54	0.82	-1.84	0.84	-0.43	-0.33	-10.00
Start Probabilities	0.89	0.11	
Ending Probabilities	0.00	1.00	
Trasnition Probability Matrix
0.00	1.00	
0.00	0.00	
Window size:42
Gap length:400
Match score cuttof:2.92
++++++++++++++++++++++++++++++++++++++++++++++++++++++
scoring matrix:
A	-2.28	-1.42	-0.61	-10.00	0.39	-4.23	0.60	-10.00	-0.23	-2.85	-2.85	-0.21	0.57	0.55	0.34	-0.12	-2.29	-0.65	-10.00	1.13	-10.00	-0.01	-3.14	-0.68	0.04	-0.23	0.35	0.78	1.00	0.04	-10.00	0.57	-10.00	-10.00	-0.21	-10.00	-1.53	0.71	-0.68	0.91	0.25	-1.93	0.93	-4.23	-0.43
T	-0.59	-1.22	0.09	1.30	-3.94	0.37	-2.57	1.33	0.38	0.43	1.35	-0.96	-0.63	0.46	-1.07	0.45	0.56	0.13	-10.00	-10.00	0.86	0.64	1.39	0.55	0.32	-10.00	-0.56	-3.96	-10.00	-0.46	1.41	0.52	0.67	1.41	1.10	0.90	0.05	-3.27	-0.09	-0.53	-10.00	0.68	-10.00	1.28	0.23
C	-2.87	-2.89	0.82	-10.00	-10.00	0.05	-10.00	-1.81	0.25	1.01	-2.37	-0.54	0.19	-2.15	-0.62	-3.76	-0.92	0.61	-10.00	-10.00	0.74	-3.06	-10.00	0.46	0.42	0.70	-0.20	-0.39	-3.76	0.00	-10.00	-10.00	0.95	-10.00	-10.00	0.69	-0.58	0.23	0.93	-2.15	0.11	0.65	-1.05	-0.58	0.45
G	1.21	1.24	-0.93	-0.90	0.79	0.61	0.52	-1.83	-0.61	-1.42	-2.81	0.82	-1.42	-2.12	0.42	0.34	0.68	-0.24	1.46	-10.00	-10.00	-0.12	-3.91	-0.91	-2.30	0.38	0.02	-0.41	-0.69	0.28	-10.00	-2.52	-10.00	-10.00	-10.00	-10.00	0.88	-1.02	-0.82	-1.96	0.44	-1.02	-0.69	-10.00	-0.32
scoring matrix:
A	-0.18	0.14	-1.27	-0.75	-0.29	-0.85	-0.85	-1.70	0.66	-2.10	-10.00	-10.00	-0.09	0.47	0.73	-0.94	-0.80	0.19	-0.07	0.29	-2.56	-0.19	-10.00	1.09	-10.00	-0.34	1.05	-1.55	-0.77	0.45	-3.06	0.38	-10.00	0.00	1.07	0.88	0.39	-0.59	0.82	0.28	-0.31	0.41	-0.03	-1.14	-1.01	0.01	-0.64	0.09	-0.05	0.47	-1.15	-0.74	0.68	0.90	0.63
T	-0.39	-1.23	1.30	0.57	0.45	0.92	0.28	1.09	0.26	0.64	-0.11	0.80	-0.67	-0.30	-0.98	0.49	-2.29	-2.51	-1.03	0.24	1.35	0.39	-2.27	-3.87	0.38	-3.87	-10.00	0.42	1.17	0.54	0.53	-1.28	1.28	-1.21	-10.00	-3.87	-1.43	-1.09	-0.56	0.07	-3.84	0.43	-0.66	0.22	0.92	-0.40	-10.00	-3.84	-0.02	-1.14	1.17	-0.35	-2.51	-1.61	-1.43
C	0.54	0.60	-10.00	-0.19	0.26	0.12	0.01	-0.43	-1.76	0.58	1.27	0.69	-0.43	-1.91	-0.30	0.80	0.56	0.30	0.07	-0.05	-2.99	0.11	-3.65	-10.00	1.14	1.32	-2.09	0.93	-1.51	-3.67	0.70	-1.41	-1.08	0.78	-2.99	-0.40	-2.31	-1.23	-3.67	-0.43	-0.07	-2.97	-0.15	1.04	-2.29	0.16	0.52	-2.57	0.42	-0.26	-1.63	0.71	-0.15	-1.63	-0.55
G	-0.05	-0.21	-10.00	0.07	-0.71	-2.77	0.36	-1.23	-2.74	-0.58	-1.46	-1.66	0.65	0.15	-1.04	-2.45	0.71	0.31	0.53	-1.30	-10.00	-0.48	1.40	-2.74	-10.00	-10.00	-1.91	-1.66	-10.00	-1.30	-0.38	0.56	-1.91	-0.35	-1.91	-1.16	0.63	1.06	-0.70	-0.27	0.88	-0.69	0.51	-2.72	0.03	0.17	0.73	0.97	-0.44	0.07	-1.38	0.12	-0.35	-0.74	-0.06
scoring matrix:
A	-0.52	-0.38	-0.25	-0.54	0.50	0.76	0.24	0.59	-0.64	-0.34	0.53	-0.10	-0.36	0.66	0.28	-0.07	0.37	-0.03	0.10	0.70	-0.48	-0.64	0.43	0.03	-0.07	0.44	-0.23	0.23	0.98	0.95	0.35	-0.46	-2.51	-0.49	0.62	0.53	0.10	0.81	0.69	0.17	-1.14	-0.52	-0.75	-0.75
T	0.12	-1.24	-2.85	-0.01	-1.86	-10.00	-0.61	-0.62	-2.51	-0.30	-1.88	0.78	0.03	-1.89	-1.00	-0.19	-3.52	-1.52	-0.14	-1.26	1.00	-0.58	-1.89	-2.52	-0.52	-2.89	-10.00	-2.26	-10.00	-2.52	-2.26	-0.04	1.22	-0.78	-1.86	-1.10	-0.89	-1.12	-1.75	-0.42	0.82	0.95	-0.30	-0.61
C	0.72	1.01	0.57	0.46	-1.42	-0.64	-0.14	-0.36	0.07	0.73	-0.60	-0.60	0.33	-0.41	0.31	0.33	0.28	0.05	-0.13	-1.44	-1.34	-0.51	0.72	-2.34	-0.52	0.64	-1.00	-0.13	-1.24	-3.34	-2.34	0.73	-1.34	0.50	0.18	-10.00	-0.30	-1.15	-0.34	-0.52	0.36	-3.29	0.47	0.35
G	-0.82	-0.64	0.41	0.06	0.41	-0.36	0.18	-0.57	0.87	-0.37	0.20	-1.99	0.04	-0.26	-0.14	-0.07	0.03	0.56	0.09	-0.11	-2.01	0.86	-2.84	0.92	0.60	-1.21	0.98	0.47	-10.00	-1.21	0.68	-0.58	-10.00	0.40	-0.93	0.36	0.51	-0.89	-0.47	0.36	-3.48	-0.64	0.36	0.58
Start Probabilities	0.89	0.09	0.02	
Ending Probabilities	0.23	0.44	1.00	
Trasnition Probability Matrix
0.00	0.73	0.04	
0.00	0.00	0.56	
0.00	0.00	0.00	
Window size:55
Gap length:400
Match score cuttof:0.00
++++++++++++++++++++++++++++++++++++++++++++++++++++++
######################################################
Start Probability:0.04	0.96	0.00
End Probability:0.22	0.10	0.68
Transition Probability:
0.23	0.03	0.74
0.62	0.15	0.22
0.80	0.20	0.00
Gap Length:10000
