align matrix:
A	0	316	315	1	182	156	9	51	65	5	50	42	2	335	312	2	52	26	0	345	341	1	152	103	0	354	351	0
T	39	21	8	88	72	9	93	22	18	124	169	0	59	22	5	130	91	138	12	10	0	29	149	69	16	1	0	49
C	260	12	30	248	44	155	185	123	175	112	17	132	156	0	25	222	86	154	108	1	0	315	11	87	170	0	0	313
G	63	13	9	25	64	42	75	166	104	121	126	188	145	5	20	8	133	44	242	6	21	17	50	103	176	5	11	0
++++++++++++++++++++++++++++++++++++++++++++++++++++++
align matrix:
A	34	257	0	3	0
T	247	8	206	46	62
C	1	7	67	48	191
G	1	11	0	170	30
align matrix:
A	1	282	281	0	67	0	0	281	279	0	270	282	0	111	67	21	5	0	42	39	4	0	269	269	0
T	15	0	0	214	76	42	26	0	0	218	3	0	100	3	1	134	140	28	87	225	0	51	4	4	202
C	12	1	1	68	30	224	12	0	2	65	1	0	183	28	177	48	60	228	116	0	257	8	6	5	72
G	255	0	1	1	110	17	245	2	2	0	9	1	0	141	38	80	78	27	38	19	22	224	4	5	9
align matrix:
A	0	3	235	278	40	35	0	0
T	4	2	21	1	198	50	9	9
C	279	22	17	2	41	0	271	4
G	0	256	10	2	4	196	3	270
align matrix:
A	282	282	0	190	33	1	92	0	0	36	3
T	0	0	165	31	247	27	20	0	62	179	44
C	0	0	118	1	0	240	0	22	142	1	190
G	1	1	0	61	3	11	171	261	79	67	46
++++++++++++++++++++++++++++++++++++++++++++++++++++++
align matrix:
A	0	31	13	0	48	76	0	36	37	0	50	50	0	76	72	1	77	60	0	0	0	2
T	10	26	24	16	24	11	38	1	45	8	15	16	2	7	0	9	6	0	35	0	0	8
C	54	3	30	62	9	0	31	0	5	43	1	0	84	2	7	73	0	25	27	0	2	62
G	23	27	20	9	6	0	16	50	0	36	21	21	1	2	8	4	4	2	25	87	85	15
align matrix:
A	64	86	0	75	78	0	80	84	0	32	33	0	20	34	2	83	82
T	23	0	8	8	0	4	0	0	12	0	0	28	63	0	35	3	0
C	0	0	78	0	1	75	5	2	74	5	47	15	1	47	25	0	0
G	0	1	1	4	8	8	2	1	1	50	7	44	2	6	25	0	5
++++++++++++++++++++++++++++++++++++++++++++++++++++++
######################################################
align matrix:
A	9	13	0	84	171	0	58	0	0	114	143	0	101	194	0	16	42	9	4	3	34	16	4	0	89	164	1	93	0	0	89	126	0	28	0	0	129	139	0	107	13	0	0	0	0	13	12
T	54	55	23	91	36	224	72	44	26	70	18	200	96	15	96	9	7	127	116	17	112	204	17	70	97	32	222	58	18	17	96	33	226	20	18	32	69	24	139	55	242	29	16	1	71	163	54
C	54	169	24	62	22	56	47	216	8	28	57	67	27	16	186	28	170	61	69	253	104	15	236	8	34	28	54	42	223	31	27	49	56	43	209	6	29	35	143	8	0	246	0	17	133	2	154
G	167	47	237	47	55	4	107	24	250	72	66	17	60	59	2	231	65	87	95	11	34	49	27	206	64	58	7	91	43	236	72	76	2	193	57	246	57	86	2	114	29	9	268	266	80	106	64
++++++++++++++++++++++++++++++++++++++++++++++++++++++
align matrix:
A	7	91	51	2	76	72	2	0	22	0	106	131	1	1	25	0	99	157	0	81	132	0	101	102	0	49	71	0	86
T	78	104	18	34	28	18	106	75	2	15	107	33	56	116	151	1	75	17	1	128	89	38	62	29	38	114	48	47	40
C	209	39	92	219	14	63	139	16	18	232	32	40	235	62	51	85	11	19	304	22	2	263	30	20	238	35	77	194	37
G	13	73	146	52	189	154	60	216	265	60	62	100	15	128	80	221	122	114	2	76	84	6	114	156	31	109	111	66	144
++++++++++++++++++++++++++++++++++++++++++++++++++++++
align matrix:
A	0	15	9	2	98	130	1	29	67	0	79	99	1	69	121
T	184	54	7	21	71	32	76	164	45	30	48	0	11	92	85
C	84	7	168	121	20	22	193	31	24	180	2	22	260	48	10
G	10	202	94	134	89	94	8	54	142	68	142	157	6	69	62
++++++++++++++++++++++++++++++++++++++++++++++++++++++
######################################################
align matrix:
A	15	140	86	80	56	16	51	39	1	42	0	252	74	53	183	34	43	4	33	98	5	66	29	103	6	103
T	52	1	0	41	1	232	67	6	245	59	3	9	28	37	16	44	56	69	52	32	250	73	157	46	65	2
C	164	122	1	38	17	16	76	13	19	57	258	3	45	175	0	116	32	142	90	106	10	70	22	25	174	67
G	33	1	177	105	190	0	71	207	0	103	5	2	115	1	67	72	135	51	91	29	0	55	56	90	19	92
align matrix:
A	203	14	61	57	41	74	0	48	57	168	60	22	50	33	71	23	45	25	48	13	54	129	80	110	112	63	106	39	49	31	21	1	224	12	55	44	159	20	11	235	3	184	104	15	10	170	15	19	0	43	111	22	12	77	81
T	13	76	24	149	53	32	250	44	46	66	82	2	4	35	44	177	61	171	204	96	50	9	29	2	1	25	35	31	49	208	238	84	11	244	66	106	30	77	5	0	93	73	1	62	208	27	72	7	0	59	140	0	58	8	71
C	7	117	45	25	77	146	10	89	32	16	43	201	207	40	87	38	88	56	2	106	28	82	82	109	77	61	49	91	80	22	3	128	10	6	133	58	30	113	45	8	158	0	93	171	8	23	161	0	227	118	0	48	180	176	2
G	40	56	133	31	92	11	3	82	128	13	78	38	2	155	61	25	67	9	7	46	129	41	70	40	71	112	71	100	83	1	0	49	17	0	6	53	42	52	201	19	8	5	65	15	37	44	16	239	38	45	14	195	15	4	111
++++++++++++++++++++++++++++++++++++++++++++++++++++++
align matrix:
A	22	57	92	94	96	63	105	105	28	12
T	15	50	22	55	30	44	54	30	17	2
C	115	27	4	2	33	72	6	13	151	8
G	38	58	74	43	35	18	32	50	3	177
align matrix:
A	33	63	61	35	5	18	12	17	6	46	93	133	88	14	53
T	104	80	28	37	163	54	75	14	6	34	3	43	7	16	5
C	48	29	89	58	25	5	91	171	16	65	39	15	37	42	5
G	19	32	26	76	13	130	29	5	179	62	73	17	76	136	145
align matrix:
A	60	3	1	103	124	38	73	31	64	8	36	97	34	2	5	54	149	56	73
T	51	0	1	19	20	15	38	47	116	103	86	22	49	21	0	62	3	128	26
C	30	2	2	57	17	131	57	117	13	61	22	71	58	1	66	71	9	6	25
G	54	203	206	31	48	25	41	14	15	36	64	18	67	185	137	20	46	17	83
align matrix:
A	23	81	122	62	11	76	10	87	13	52	91	181	75	129	146
T	63	24	4	38	67	50	51	63	16	45	2	3	38	8	0
C	51	37	30	65	27	6	109	33	141	26	49	4	12	14	3
G	56	51	51	42	102	75	37	25	39	86	67	21	84	58	60
align matrix:
A	46	18	21	7	13	75	162	205	124	41	11	27	1
T	52	154	68	59	100	33	0	1	0	71	170	44	0
C	1	13	55	46	75	44	28	0	1	68	6	49	2
G	95	9	51	87	11	47	19	3	84	29	22	90	208
align matrix:
A	208	1	115	2	36	78	115	102	49	95	65	1	51	0	0	65
T	0	122	19	209	60	22	19	4	21	0	68	203	132	89	207	142
C	1	87	39	0	53	101	7	39	64	21	40	0	4	119	0	2
G	2	1	38	0	62	10	70	66	77	95	38	5	22	1	2	0
align matrix:
A	50	114	135	89	93	116	72	1	43	27	89	153
T	24	2	12	6	18	19	12	136	94	9	19	6
C	57	11	23	12	61	18	57	65	10	43	16	30
G	62	71	28	92	27	46	58	1	56	124	79	14
align matrix:
A	44	80	190	38	68	135	43	65	150	40	68	37	45	54	1	30	19	43	43	10	108	8	28	1	24	93
T	17	0	0	85	38	41	67	5	3	67	81	87	46	59	192	52	49	154	69	152	32	69	13	207	96	34
C	69	3	3	46	22	12	56	8	17	30	39	29	16	62	14	22	104	1	21	34	2	72	164	2	30	34
G	61	124	14	38	79	19	43	131	39	72	21	58	104	35	3	106	38	12	77	14	68	61	5	0	60	49
align matrix:
A	70	35	24	86	7	6	37	158	0	56	0
T	64	68	184	36	7	16	63	12	207	42	0
C	43	53	0	29	146	185	82	31	2	103	0
G	30	51	0	57	48	2	28	9	1	10	211
align matrix:
A	47	60	0	36	2	183	104	5	7	50	12	23	17
T	39	140	2	52	7	4	4	137	96	16	149	187	54
C	72	1	152	50	191	17	2	64	23	40	28	1	111
G	52	9	56	73	11	7	101	5	85	105	22	0	29
align matrix:
A	21	2	184	6	8	140	66	30	60	8	84	1
T	71	4	21	115	33	12	51	120	127	61	3	148
C	88	4	2	89	105	2	54	51	2	77	9	60
G	31	201	4	1	65	57	40	10	22	65	115	2
align matrix:
A	23	16	141	10	41	12	66	72	25	53	6	171	0	63
T	109	131	38	139	5	130	26	12	5	49	196	31	125	0
C	57	50	22	45	23	18	48	125	2	57	9	2	80	1
G	14	6	2	15	140	49	71	2	179	52	0	7	6	147
align matrix:
A	0	50	0	211	0	22	211	0	78	2
T	197	27	0	0	119	0	0	137	124	204
C	13	32	0	0	90	1	0	74	7	2
G	0	101	211	0	2	188	0	0	2	3
align matrix:
A	89	90	77	96	77	137	47	14	1	20	47	99	36	135	100
T	3	5	17	5	56	29	41	97	197	60	22	50	47	6	10
C	5	59	39	35	35	29	38	99	1	28	120	26	51	28	33
G	108	51	71	74	42	15	84	0	11	102	5	19	60	23	49
align matrix:
A	46	131	1	45	50	99	66	108	141	41	37
T	48	45	198	102	14	16	28	2	6	50	159
C	28	19	10	55	69	23	51	36	22	56	7
G	86	13	1	8	78	73	66	65	42	64	8
align matrix:
A	117	143	138	16	156	137	158	120	6	11	21	92
T	31	1	2	48	0	22	8	31	134	95	88	23
C	16	44	2	34	15	38	4	23	66	68	2	18
G	45	21	67	111	38	12	39	34	2	32	95	70
align matrix:
A	42	90	10	101	60	63	149	157	98	40	19	87	93	22	60	72	65
T	97	40	93	46	16	70	4	5	25	3	6	47	6	127	14	49	51
C	11	29	80	27	86	22	27	21	26	7	12	57	10	31	57	38	70
G	46	40	18	28	44	51	26	23	57	156	171	17	99	28	76	48	21
align matrix:
A	84	88	10	52	21	42	122	12	111	10
T	47	5	101	60	83	67	5	108	3	3
C	21	13	85	71	59	35	9	79	58	9
G	48	95	6	19	39	58	66	3	30	180
align matrix:
A	141	101	116	91	68	79	66	80	33	96	47	114	99	122
T	19	13	17	8	61	21	24	20	82	4	45	6	11	32
C	15	24	6	22	53	22	61	67	18	17	61	20	31	24
G	25	62	61	79	18	78	49	33	67	83	46	59	58	21
align matrix:
A	37	126	76	71	88	53	47	46	29	108	77	67	48	40	37	44	28	27
T	28	5	37	23	64	36	12	85	55	30	39	15	84	100	65	46	55	20
C	95	15	19	19	39	67	16	50	32	20	55	18	56	30	39	35	61	46
G	35	49	63	82	4	39	120	14	79	34	21	92	4	22	51	67	47	98
align matrix:
A	16	35	106	3	81	138	112	11	14	3	29	3
T	60	46	16	185	28	17	74	68	179	8	74	167
C	82	60	60	11	14	27	11	94	3	178	60	25
G	39	59	19	2	79	21	7	31	8	11	37	4
align matrix:
A	162	6	53	31	34	2	4	56	9	71	9	79	3	44	127	69
T	7	109	93	138	49	0	0	36	147	77	44	85	195	39	9	33
C	6	66	48	9	35	1	6	59	37	2	45	32	1	30	30	29
G	24	21	8	24	84	199	192	51	9	52	103	4	1	87	33	68
align matrix:
A	49	21	168	13	56	31	22	59	152	48	111	9
T	46	22	4	114	135	72	65	5	0	59	66	7
C	30	149	2	64	1	71	75	29	30	61	6	147
G	66	3	21	4	3	21	33	102	13	26	10	29
++++++++++++++++++++++++++++++++++++++++++++++++++++++
align matrix:
A	0	397	0	212	18	113	220	143	144	338	360	159	1	120	0	0	334	0	7	201	81	256	110	29	345	0	188	97	279	52	17	395	30	52	325
T	0	0	234	103	355	131	43	16	37	3	0	20	397	274	181	397	62	273	26	4	123	127	3	165	0	391	138	7	66	120	0	0	170	4	6
C	0	0	161	5	11	130	116	86	86	21	3	14	0	1	216	0	1	124	229	190	103	13	139	161	1	5	51	63	15	189	380	1	157	13	52
G	397	0	1	76	13	23	19	153	131	36	35	205	0	3	1	1	0	0	135	2	90	1	145	42	51	1	20	230	37	36	1	2	41	328	13
++++++++++++++++++++++++++++++++++++++++++++++++++++++
######################################################
