scoring matrix:
A	-10.00	1.09	1.09	-4.67	0.54	0.38	-2.47	-0.73	-0.49	-3.06	-0.75	-0.93	-3.97	1.15	1.08	-3.97	-0.71	-1.41	-10.00	1.18	1.17	-4.67	0.36	-0.03	-10.00	1.20	1.19	-10.00
T	-0.44	-1.06	-2.03	0.37	0.17	-1.91	0.43	-1.01	-1.21	0.72	1.03	-10.00	-0.03	-1.01	-2.50	0.76	0.41	0.82	-1.62	-1.80	-10.00	-0.74	0.90	0.13	-1.33	-4.08	-10.00	-0.21
C	0.86	-2.22	-1.30	0.81	-0.92	0.34	0.52	0.11	0.46	0.01	-1.87	0.18	0.34	-10.00	-1.49	0.70	-0.25	0.33	-0.02	-4.70	-10.00	1.05	-2.31	-0.24	0.43	-10.00	-10.00	1.04
G	-0.30	-1.87	-2.24	-1.22	-0.28	-0.70	-0.12	0.67	0.21	0.36	0.40	0.80	0.54	-2.83	-1.44	-2.36	0.45	-0.65	1.05	-2.65	-1.39	-1.61	-0.53	0.20	0.73	-2.81	-2.04	-10.00
Start Probabilities	1.00	
Ending Probabilities	1.00	
Trasnition Probability Matrix
0.00	
Window size:28
Gap length:50
Match score cuttof:0.00
++++++++++++++++++++++++++++++++++++++++++++++++++++++
scoring matrix:
A	-0.97	1.05	-10.00	-3.15	-10.00
T	1.31	-2.12	1.13	-0.29	-0.07
C	-4.18	-2.24	0.06	-0.24	1.07
G	-4.11	-1.71	-10.00	1.02	-0.71
scoring matrix:
A	-4.50	1.14	1.14	-10.00	-0.30	-10.00	-10.00	1.14	1.13	-10.00	1.10	1.14	-10.00	0.21	-0.30	-1.46	-2.89	-10.00	-0.76	-0.84	-3.11	-10.00	1.09	1.09	-10.00
T	-1.49	-10.00	-10.00	1.17	0.14	-0.46	-0.94	-10.00	-10.00	1.19	-3.10	-10.00	0.41	-3.10	-4.19	0.70	0.75	-0.86	0.27	1.22	-10.00	-0.26	-2.81	-2.81	1.11
C	-1.70	-4.18	-4.18	0.04	-0.78	1.23	-1.70	-10.00	-3.49	-0.01	-4.18	-10.00	1.03	-0.85	0.99	-0.31	-0.09	1.25	0.57	-10.00	1.37	-2.10	-2.39	-2.57	0.09
G	1.43	-10.00	-4.11	-4.11	0.59	-1.28	1.39	-3.42	-3.42	-10.00	-1.92	-4.11	-10.00	0.84	-0.47	0.27	0.24	-0.82	-0.47	-1.17	-1.02	1.30	-2.73	-2.50	-1.92
scoring matrix:
A	-10.00	-3.40	0.96	1.13	-0.81	-0.93	-10.00	-10.00
T	-2.81	-3.50	-1.15	-4.19	1.09	-0.27	-2.00	-2.00
C	1.45	-1.09	-1.35	-3.49	-0.47	-10.00	1.42	-2.80
G	-10.00	1.43	-1.81	-3.42	-2.73	1.16	-3.01	1.49
scoring matrix:
A	1.14	1.14	-10.00	0.75	-1.00	-4.42	0.02	-10.00	-10.00	-0.92	-3.40
T	-10.00	-10.00	0.91	-0.76	1.31	-0.87	-1.20	-10.00	-0.07	0.99	-0.41
C	-10.00	-10.00	0.59	-4.18	-10.00	1.29	-10.00	-1.09	0.77	-4.18	1.07
G	-4.11	-4.11	-10.00	-0.00	-3.01	-1.68	1.03	1.45	0.26	0.09	-0.28
Start Probabilities	0.82	0.13	0.05	0.00	
Ending Probabilities	0.01	0.02	0.08	1.00	
Trasnition Probability Matrix
0.00	0.98	0.00	0.01	
0.00	0.00	0.94	0.05	
0.00	0.00	0.00	0.92	
0.00	0.00	0.00	0.00	
Window size:25
Gap length:50
Match score cuttof:10.72
++++++++++++++++++++++++++++++++++++++++++++++++++++++
scoring matrix:
A	-10.00	-0.16	-1.03	-10.00	0.28	0.74	-10.00	-0.01	0.02	-10.00	0.32	0.32	-10.00	0.74	0.69	-3.59	0.75	0.50	-10.00	-10.00	-10.00	-2.90
T	-0.18	0.78	0.70	0.29	0.70	-0.08	1.16	-2.48	1.33	-0.40	0.23	0.29	-1.79	-0.53	-10.00	-0.28	-0.69	-10.00	1.08	-10.00	-10.00	-0.40
C	0.85	-2.04	0.26	0.99	-0.94	-10.00	0.31	-10.00	-1.53	0.62	-3.14	-10.00	1.29	-2.44	-1.19	1.15	-10.00	0.08	0.16	-10.00	-2.44	0.99
G	0.38	0.54	0.24	-0.56	-0.96	-10.00	0.04	1.16	-10.00	0.83	0.29	0.29	-2.76	-2.06	-0.68	-1.37	-1.37	-2.06	0.46	1.71	1.69	-0.05
scoring matrix:
A	0.57	0.86	-10.00	0.73	0.77	-10.00	0.79	0.84	-10.00	-0.13	-0.09	-10.00	-0.58	-0.07	-2.90	0.83	0.82
T	0.66	-10.00	-0.40	-0.40	-10.00	-1.09	-10.00	-10.00	0.01	-10.00	-10.00	0.85	1.66	-10.00	1.08	-1.35	-10.00
C	-10.00	-10.00	1.22	-10.00	-3.14	1.18	-1.53	-2.44	1.17	-1.53	0.71	-0.43	-3.09	0.71	0.08	-10.00	-10.00
G	-10.00	-2.76	-2.76	-1.37	-0.68	-0.68	-2.06	-2.76	-2.76	1.16	-0.81	1.03	-2.03	-0.96	0.46	-10.00	-1.15
Start Probabilities	0.97	0.03	
Ending Probabilities	0.02	1.00	
Trasnition Probability Matrix
0.00	0.98	
0.00	0.00	
Window size:22
Gap length:50
Match score cuttof:14.16
++++++++++++++++++++++++++++++++++++++++++++++++++++++
######################################################
scoring matrix:
A	-1.56	-1.19	-10.00	0.67	1.38	-10.00	0.30	-10.00	-10.00	0.98	1.20	-10.00	0.86	1.51	-10.00	-0.99	-0.02	-1.56	-2.37	-2.66	-0.23	-0.99	-2.37	-10.00	0.73	1.34	-3.76	0.77	-10.00	-10.00	0.73	1.08	-10.00	-0.43	-10.00	-10.00	1.10	1.17	-10.00	0.91	-1.19	-10.00	-10.00	-10.00	-10.00	-1.19	-1.27
T	-0.33	-0.31	-1.18	0.19	-0.74	1.09	-0.04	-0.54	-1.06	-0.07	-1.43	0.98	0.25	-1.61	0.25	-2.12	-2.37	0.52	0.43	-1.49	0.40	1.00	-1.49	-0.07	0.26	-0.84	1.08	-0.26	-1.43	-1.49	0.25	-0.82	1.10	-1.32	-1.43	-0.85	-0.09	-1.14	0.62	-0.31	1.17	-0.95	-1.55	-4.32	-0.06	0.77	-0.33
C	-0.34	0.80	-1.15	-0.20	-1.23	-0.30	-0.48	1.05	-2.25	-0.99	-0.28	-0.12	-1.03	-1.55	0.90	-0.99	0.81	-0.21	-0.09	1.21	0.32	-1.62	1.14	-2.25	-0.80	-0.98	-0.34	-0.59	1.08	-0.89	-1.03	-0.43	-0.30	-0.56	1.02	-2.53	-0.96	-0.77	0.64	-2.25	-10.00	1.18	-10.00	-1.49	0.57	-3.63	0.71
G	0.61	-0.65	0.96	-0.65	-0.50	-3.12	0.17	-1.33	1.02	-0.23	-0.31	-1.67	-0.41	-0.43	-3.81	0.94	-0.33	-0.04	0.05	-2.11	-0.98	-0.61	-1.21	0.82	-0.34	-0.43	-2.56	0.01	-0.74	0.96	-0.23	-0.17	-3.81	0.76	-0.46	1.00	-0.46	-0.05	-3.81	0.23	-1.14	-2.31	1.09	1.08	-0.12	0.16	-0.34
Start Probabilities	1.00	
Ending Probabilities	1.00	
Trasnition Probability Matrix
0.00	
Window size:47
Gap length:50
Match score cuttof:6.75
++++++++++++++++++++++++++++++++++++++++++++++++++++++
scoring matrix:
A	-1.98	0.59	0.01	-3.23	0.41	0.35	-3.23	-10.00	-0.83	-10.00	0.74	0.95	-3.92	-3.92	-0.70	-10.00	0.67	1.13	-10.00	0.47	0.96	-10.00	0.69	0.70	-10.00	-0.03	0.34	-10.00	0.53
T	0.30	0.59	-1.16	-0.53	-0.72	-1.16	0.61	0.27	-3.36	-1.34	0.62	-0.54	-0.03	0.70	0.96	-4.05	0.27	-1.22	-4.05	0.80	0.44	-0.41	0.07	-0.69	-0.41	0.68	-0.18	-0.20	-0.36
C	0.77	-0.91	-0.05	0.82	-1.93	-0.43	0.36	-1.80	-1.68	0.88	-1.10	-0.86	0.89	-0.44	-0.64	-0.13	-2.17	-1.63	1.15	-1.48	-3.88	1.00	-1.17	-1.57	0.90	-1.01	-0.23	0.70	-0.96
G	-2.06	-0.34	0.35	-0.68	0.61	0.41	-0.53	0.75	0.95	-0.53	-0.50	-0.01	-1.92	0.22	-0.25	0.77	0.17	0.11	-3.94	-0.30	-0.20	-2.84	0.11	0.42	-1.20	0.06	0.08	-0.44	0.34
Start Probabilities	1.00	
Ending Probabilities	1.00	
Trasnition Probability Matrix
0.00	
Window size:29
Gap length:50
Match score cuttof:12.76
++++++++++++++++++++++++++++++++++++++++++++++++++++++
scoring matrix:
A	-10.00	-0.93	-1.44	-2.94	0.95	1.23	-3.63	-0.27	0.57	-10.00	0.74	0.96	-3.63	0.60	1.16
T	1.09	-0.14	-2.18	-1.08	0.14	-0.66	0.20	0.97	-0.32	-0.73	-0.22	-10.00	-1.73	0.39	0.32
C	-0.04	-2.52	0.66	0.33	-1.47	-1.38	0.80	-1.03	-1.29	0.73	-3.65	-1.38	1.09	-0.60	-2.17
G	-2.21	0.80	0.03	0.39	-0.02	0.03	-2.43	-0.52	0.45	-0.29	0.46	0.55	-2.72	-0.28	-0.38
Start Probabilities	0.00	
Ending Probabilities	0.00	
Trasnition Probability Matrix
0.00	
Window size:15
Gap length:50
Match score cuttof:0.00
++++++++++++++++++++++++++++++++++++++++++++++++++++++
######################################################
scoring matrix:
A	-1.54	0.66	0.18	0.11	-0.25	-1.48	-0.34	-0.61	-4.23	-0.51	-10.00	1.24	0.04	-0.31	0.92	-0.75	-0.52	-2.87	-0.78	0.30	-2.64	-0.08	-0.89	0.35	-2.45	0.35
T	-0.11	-4.00	-10.00	-0.34	-4.00	1.37	0.14	-2.25	1.42	0.03	-2.95	-1.86	-0.70	-0.45	-1.29	-0.28	-0.04	0.16	-0.12	-0.59	1.44	0.23	0.98	-0.23	0.11	-3.32
C	0.91	0.61	-4.12	-0.54	-1.33	-1.39	0.14	-1.60	-1.23	-0.12	1.35	-3.07	-0.36	0.97	-10.00	0.56	-0.72	0.76	0.31	0.47	-1.86	0.07	-1.07	-0.95	0.96	0.02
G	-0.72	-4.17	0.93	0.42	1.00	-10.00	0.03	1.09	-10.00	0.41	-2.61	-3.52	0.51	-4.21	-0.03	0.04	0.66	-0.30	0.27	-0.86	-10.00	-0.22	-0.20	0.27	-1.27	0.29
scoring matrix:
A	1.02	-1.60	-0.16	-0.22	-0.55	0.03	-10.00	-0.39	-0.22	0.84	-0.17	-1.16	-0.35	-0.76	-0.01	-1.11	-0.44	-1.02	-0.38	-1.65	-0.27	0.58	0.12	0.43	0.44	-0.12	0.39	-0.58	-0.36	-0.81	-1.20	-4.17	1.12	-1.74	-0.24	-0.47	0.78	-1.24	-1.83	1.17	-3.10	0.93	0.37	-1.53	-1.93	0.85	-1.54	-1.32	-10.00	-0.51	0.43	-1.17	-1.77	0.06	0.11
T	-1.46	0.27	-0.86	0.93	-0.09	-0.58	1.44	-0.27	-0.22	0.13	0.34	-3.30	-2.62	-0.49	-0.27	1.10	0.06	1.06	1.24	0.50	-0.13	-1.80	-0.66	-3.27	-3.94	-0.81	-0.48	-0.60	-0.15	1.26	1.39	0.37	-1.62	1.41	0.14	0.60	-0.63	0.28	-2.39	-10.00	0.47	0.23	-3.98	0.07	1.26	-0.75	0.21	-2.10	-10.00	0.01	0.87	-10.00	-0.00	-1.96	0.20
C	-2.19	0.57	-0.36	-0.93	0.16	0.79	-1.84	0.31	-0.70	-1.38	-0.41	1.11	1.13	-0.48	0.28	-0.53	0.30	-0.14	-3.39	0.48	-0.82	0.23	0.23	0.51	0.17	-0.06	-0.27	0.33	0.21	-1.06	-3.01	0.66	-1.83	-2.33	0.70	-0.11	-0.75	0.54	-0.36	-2.05	0.87	-10.00	0.35	0.95	-2.06	-1.03	0.89	-10.00	1.23	0.58	-10.00	-0.31	1.00	0.97	-3.45
G	-0.53	-0.20	0.65	-0.77	0.29	-1.79	-3.07	0.18	0.61	-1.63	0.13	-0.58	-3.47	0.80	-0.11	-0.99	-0.01	-1.97	-2.21	-0.38	0.62	-0.49	0.03	-0.52	0.04	0.49	0.04	0.38	0.20	-4.13	-10.00	-0.32	-1.36	-10.00	-2.35	-0.24	-0.47	-0.26	1.06	-1.25	-2.09	-2.55	-0.05	-1.49	-0.60	-0.44	-1.44	1.23	-0.59	-0.42	-1.58	1.03	-1.51	-2.82	0.47
Start Probabilities	0.99	0.01	
Ending Probabilities	0.02	1.00	
Trasnition Probability Matrix
0.00	0.98	
0.00	0.00	
Window size:55
Gap length:400
Match score cuttof:23.76
++++++++++++++++++++++++++++++++++++++++++++++++++++++
scoring matrix:
A	-0.88	-0.03	0.41	0.42	0.44	0.04	0.52	0.51	-0.73	-1.53
T	-1.04	0.03	-0.71	0.11	-0.45	-0.11	0.08	-0.47	-1.02	-3.03
C	0.97	-0.34	-2.08	-2.75	-0.17	0.54	-1.78	-1.07	1.23	-1.54
G	-0.15	0.22	0.44	-0.06	-0.25	-0.89	-0.35	0.06	-2.60	1.25
scoring matrix:
A	-0.62	0.01	-0.02	-0.58	-2.48	-1.24	-1.63	-1.29	-2.31	-0.32	0.37	0.72	0.32	-1.50	-0.18
T	0.69	0.43	-0.58	-0.33	1.12	0.04	0.36	-1.29	-2.12	-0.42	-2.82	-0.19	-1.98	-1.17	-2.31
C	0.13	-0.35	0.73	0.31	-0.51	-2.10	0.75	1.37	-0.96	0.42	-0.09	-1.03	-0.14	-0.02	-2.11
G	-0.90	-0.40	-0.60	0.43	-1.29	0.95	-0.52	-2.24	1.27	0.23	0.39	-1.05	0.43	1.00	1.06
scoring matrix:
A	0.00	-3.01	-4.15	0.47	0.65	-0.52	0.13	-0.72	0.00	-2.05	-0.56	0.41	-0.62	-3.43	-2.51	-0.16	0.84	-0.12	0.14
T	0.04	-10.00	-3.95	-1.02	-0.96	-1.24	-0.32	-0.11	0.79	0.67	0.49	-0.85	-0.06	-0.91	-10.00	0.17	-2.80	0.88	-0.68
C	-0.27	-3.02	-3.05	0.28	-0.92	1.11	0.28	0.99	-1.17	0.35	-0.65	0.50	0.30	-3.72	0.43	0.50	-1.52	-1.92	-0.52
G	0.14	1.39	1.41	-0.47	-0.03	-0.68	-0.19	-1.25	-1.17	-0.31	0.26	-0.99	0.30	1.30	1.01	-0.88	-0.06	-1.04	0.51
scoring matrix:
A	-0.86	0.29	0.64	-0.02	-1.72	0.18	-1.81	0.31	-1.58	-0.21	0.35	1.03	0.16	0.69	0.82
T	0.24	-0.64	-2.52	-0.31	0.25	-0.04	-0.02	0.19	-1.18	-0.15	-3.24	-2.83	-0.32	-1.86	-10.00
C	0.23	-0.06	-0.34	0.42	-0.44	-1.92	0.93	-0.25	1.18	-0.50	0.13	-2.35	-1.26	-1.11	-2.63
G	0.18	0.10	0.04	-0.15	0.72	0.42	-0.28	-0.67	-0.24	0.55	0.30	-0.85	0.52	0.16	0.19
scoring matrix:
A	-0.24	-1.10	-0.97	-2.04	-1.46	0.19	0.92	1.15	0.65	-0.44	-1.75	-0.87	-4.17
T	0.06	1.06	0.30	0.16	0.65	-0.39	-10.00	-3.92	-10.00	0.30	1.16	-0.18	-10.00
C	-3.39	-1.03	0.29	0.11	0.57	0.07	-0.42	-10.00	-3.72	0.46	-1.95	0.13	-3.07
G	0.67	-1.50	0.09	0.58	-1.37	-0.00	-0.95	-2.78	0.52	-0.53	-0.81	0.59	1.42
scoring matrix:
A	1.17	-4.17	0.57	-3.48	-0.59	0.19	0.57	0.46	-0.28	0.38	0.00	-4.12	-0.23	-10.00	-10.00	0.01
T	-10.00	0.83	-1.03	1.37	0.12	-0.88	-1.03	-2.58	-0.92	-10.00	0.25	1.34	0.91	0.52	1.36	0.99
C	-3.77	0.70	-0.10	-10.00	0.20	0.85	-1.82	-0.10	0.39	-0.72	-0.08	-10.00	-2.35	1.01	-10.00	-3.04
G	-3.22	-3.91	-0.28	-10.00	0.21	-1.61	0.34	0.28	0.43	0.64	-0.28	-2.27	-0.81	-3.87	-3.18	-10.00
scoring matrix:
A	-0.15	0.59	0.75	0.36	0.40	0.61	0.16	-3.97	-0.36	-0.80	0.34	0.87
T	-0.64	-3.01	-1.33	-2.00	-0.96	-0.91	-1.34	0.94	0.59	-1.67	-0.95	-2.06
C	0.33	-1.23	-0.53	-1.15	0.38	-0.77	0.32	0.43	-1.37	0.03	-0.92	-0.32
G	0.28	0.39	-0.49	0.63	-0.53	-0.02	0.19	-3.73	0.15	0.91	0.48	-1.19
scoring matrix:
A	-0.26	0.23	1.08	-0.50	0.07	0.74	-0.40	0.01	0.84	-0.47	0.06	-0.56	-0.36	-0.18	-4.15	-0.76	-1.21	-0.40	-0.40	-1.85	0.51	-2.08	-0.83	-4.15	-0.98	0.37
T	-0.94	-10.00	-10.00	0.48	-0.31	-0.23	0.24	-2.33	-2.83	0.24	0.43	0.50	-0.14	0.11	1.29	-0.01	-0.07	1.07	0.27	1.05	-0.50	0.27	-1.39	1.36	0.60	-0.44
C	0.51	-2.60	-2.60	0.08	-0.64	-1.24	0.26	-1.66	-0.92	-0.35	-0.09	-0.40	-0.99	0.36	-1.12	-0.67	0.88	-3.74	-0.71	-0.24	-3.05	0.51	1.33	-3.05	-0.36	-0.24
G	0.27	0.91	-1.23	-0.25	0.47	-0.93	-0.14	0.96	-0.24	0.37	-0.85	0.15	0.73	-0.35	-2.80	0.75	-0.27	-1.42	0.43	-1.26	0.31	0.20	-2.29	-10.00	0.18	-0.02
scoring matrix:
A	0.10	-0.58	-0.96	0.29	-2.18	-2.35	-0.55	0.89	-10.00	-0.14	-10.00
T	0.20	0.26	1.24	-0.37	-1.98	-1.18	0.18	-1.47	1.36	-0.23	-10.00
C	0.01	0.22	-10.00	-0.38	1.21	1.45	0.64	-0.33	-3.05	0.87	-10.00
G	-0.48	0.04	-10.00	0.14	-0.03	-3.18	-0.57	-1.70	-3.89	-1.61	1.44
scoring matrix:
A	-0.31	-0.07	-10.00	-0.59	-3.48	1.04	0.47	-2.56	-2.22	-0.26	-1.69	-1.03	-1.34
T	-0.30	0.97	-3.26	-0.02	-2.02	-2.58	-2.58	0.95	0.59	-1.20	1.03	1.26	0.02
C	0.51	-3.74	1.26	0.14	1.48	-0.93	-3.07	0.39	-0.63	-0.08	-0.44	-3.77	0.94
G	0.04	-1.70	0.12	0.38	-1.52	-1.97	0.70	-2.30	0.53	0.74	-0.82	-10.00	-0.55
scoring matrix:
A	-1.13	-3.48	1.04	-2.38	-2.09	0.77	0.02	-0.77	-0.08	-2.09	0.26	-4.17
T	0.29	-2.58	-0.92	0.78	-0.47	-1.48	-0.04	0.82	0.87	0.14	-2.87	1.03
C	0.71	-2.38	-3.07	0.72	0.89	-3.07	0.22	0.16	-3.07	0.58	-1.57	0.33
G	-0.48	1.39	-2.53	-3.91	0.26	0.13	-0.22	-1.61	-0.82	0.26	0.83	-3.22
scoring matrix:
A	-0.96	-1.31	0.79	-1.84	-0.44	-1.66	0.02	0.11	-0.95	-0.20	-2.38	0.97	-10.00	-0.03
T	0.73	0.91	-0.28	0.97	-2.33	0.90	-0.71	-1.48	-2.36	-0.08	1.31	-0.54	0.86	-10.00
C	0.30	0.18	-0.61	0.05	-0.62	-0.86	0.10	1.06	-3.07	0.28	-1.57	-3.07	0.61	-3.77
G	-1.19	-2.00	-3.06	-1.18	1.03	-0.01	0.35	-3.22	1.27	0.04	-10.00	-1.97	-2.12	1.08
scoring matrix:
A	-10.00	-0.25	-10.00	1.18	-10.00	-1.08	1.18	-10.00	0.19	-3.48
T	1.31	-0.67	-10.00	-10.00	0.81	-10.00	-10.00	0.95	0.85	1.35
C	-1.19	-0.30	-10.00	-10.00	0.73	-3.77	-10.00	0.54	-1.82	-3.07
G	-10.00	0.70	1.44	-10.00	-3.22	1.32	-10.00	-10.00	-3.22	-2.81
scoring matrix:
A	0.34	0.35	0.20	0.40	0.18	0.75	-0.31	-1.52	-4.15	-1.16	-0.22	0.47	-0.46	0.75	0.48
T	-2.76	-2.26	-1.07	-2.34	0.06	-0.59	-0.25	0.61	1.31	0.13	-0.73	0.02	-0.03	-1.90	-1.43
C	-2.07	0.33	-0.07	-0.21	-0.21	-0.39	-0.12	0.83	-3.74	-0.43	1.02	-0.39	0.23	-0.31	-0.16
G	0.78	0.05	0.37	0.39	-0.17	-1.19	0.52	-10.00	-1.50	0.71	-2.04	-0.81	0.24	-0.62	0.07
scoring matrix:
A	-0.32	0.71	-4.15	-0.36	-0.26	0.43	0.02	0.51	0.78	-0.46	-0.56
T	-0.08	-0.15	1.32	0.66	-1.33	-1.20	-0.64	-3.28	-2.18	-0.06	1.10
C	-0.41	-0.80	-1.45	0.24	0.47	-0.63	0.16	-0.18	-0.68	0.26	-1.82
G	0.55	-1.32	-3.89	-1.82	0.44	0.38	0.28	0.26	-0.18	0.25	-1.83
scoring matrix:
A	0.60	0.79	0.76	-1.37	0.88	0.75	0.89	0.62	-2.33	-1.71	-1.08	0.38
T	-0.52	-3.92	-3.24	-0.09	-10.00	-0.86	-1.86	-0.51	0.93	0.59	0.52	-0.77
C	-0.98	0.03	-3.04	-0.23	-1.04	-0.12	-2.35	-0.61	0.43	0.46	-2.98	-0.81
G	-0.10	-0.85	0.30	0.80	-0.26	-1.41	-0.24	-0.37	-3.16	-0.41	0.65	0.36
scoring matrix:
A	-0.33	0.37	-1.73	0.47	-0.05	-0.00	0.84	0.89	0.43	-0.45	-1.19	0.31	0.37	-1.05	-0.06	0.12	0.02
T	0.63	-0.21	0.58	-0.09	-1.15	0.30	-2.50	-2.28	-0.71	-2.78	-2.13	-0.10	-2.13	0.88	-1.29	-0.06	-0.02
C	-1.20	-0.32	0.63	-0.41	0.69	-0.64	-0.44	-0.68	-0.47	-1.75	-1.25	0.29	-1.43	-0.31	0.29	-0.11	0.49
G	-0.01	-0.16	-0.93	-0.51	-0.10	0.04	-0.62	-0.74	0.15	1.13	1.23	-1.05	0.69	-0.56	0.43	-0.02	-0.83
scoring matrix:
A	0.30	0.34	-1.75	-0.17	-1.04	-0.37	0.65	-1.57	0.56	-1.75
T	-0.06	-2.20	0.66	0.16	0.47	0.27	-2.22	0.72	-2.71	-2.71
C	-0.63	-1.10	0.69	0.52	0.34	-0.16	-1.46	0.62	0.32	-1.46
G	0.01	0.66	-1.99	-0.89	-0.20	0.18	0.31	-2.65	-0.45	1.27
scoring matrix:
A	0.79	0.47	0.60	0.37	0.10	0.24	0.07	0.25	-0.59	0.42	-0.25	0.59	0.46	0.65
T	-0.92	-1.28	-1.03	-1.74	0.18	-0.83	-0.70	-0.87	0.47	-2.40	-0.10	-2.00	-1.43	-0.42
C	-0.95	-0.51	-1.82	-0.59	0.24	-0.59	0.38	0.47	-0.78	-0.83	0.38	-0.67	-0.26	-0.50
G	-0.61	0.25	0.24	0.48	-0.92	0.47	0.03	-0.34	0.33	0.53	-0.02	0.21	0.19	-0.76
scoring matrix:
A	-0.44	0.69	0.22	0.16	0.36	-0.11	-0.22	-0.24	-0.67	0.55	0.24	0.12	-0.19	-0.35	-0.42	-0.27	-0.67	-0.70
T	-0.52	-2.11	-0.26	-0.70	0.25	-0.28	-1.30	0.51	0.11	-0.43	-0.19	-1.06	0.51	0.66	0.27	-0.04	0.12	-0.79
C	0.80	-0.91	-0.69	-0.69	-0.02	0.48	-0.85	0.21	-0.21	-0.62	0.30	-0.71	0.32	-0.25	-0.01	-0.11	0.40	0.15
G	-0.26	0.05	0.29	0.53	-2.26	-0.16	0.88	-1.10	0.49	-0.27	-0.70	0.64	-2.21	-0.66	0.10	0.35	0.03	0.70
scoring matrix:
A	-1.24	-0.53	0.52	-2.88	0.26	0.77	0.56	-1.68	-1.45	-2.86	-0.71	-2.84
T	0.18	-0.08	-1.09	1.24	-0.57	-1.06	0.36	0.27	1.21	-1.74	0.37	1.14
C	0.66	0.36	0.36	-1.26	-1.04	-0.42	-1.29	0.78	-2.55	1.39	0.36	-0.46
G	-0.17	0.21	-0.88	-3.02	0.48	-0.80	-1.87	-0.43	-1.74	-1.39	-0.24	-2.33
scoring matrix:
A	0.92	-2.24	-0.15	-0.66	-0.57	-3.29	-2.62	-0.10	-1.85	0.13	-1.83	0.24	-2.86	-0.31	0.69	0.12
T	-1.85	0.73	0.58	0.96	-0.03	-10.00	-10.00	-0.33	1.02	0.40	-0.13	0.50	1.29	-0.24	-1.62	-0.39
C	-1.81	0.45	0.14	-1.46	-0.16	-3.57	-1.85	0.34	-0.11	-2.90	0.08	-0.24	-3.52	-0.30	-0.29	-0.32
G	-0.64	-0.79	-1.71	-0.66	0.54	1.36	1.33	0.06	-1.60	0.08	0.73	-2.34	-3.66	0.57	-0.34	0.34
scoring matrix:
A	-0.16	-0.97	0.95	-1.41	-0.06	-0.61	-0.92	-0.01	0.86	-0.20	0.58	-1.71
T	-0.04	-0.74	-2.31	0.78	0.94	0.36	0.26	-2.11	-10.00	0.18	0.28	-1.76
C	-0.24	1.22	-2.77	0.43	-3.41	0.53	0.58	-0.30	-0.27	0.39	-1.73	1.20
G	0.34	-2.53	-0.73	-2.26	-2.53	-0.73	-0.31	0.73	-1.17	-0.53	-1.39	-0.41
Start Probabilities	0.10	0.05	0.03	0.00	0.34	0.19	0.00	0.00	0.11	0.02	0.03	0.07	0.05	0.01	0.00	0.00	0.00	0.00	0.00	0.00	0.00	0.00	0.00	
Ending Probabilities	0.00	0.00	0.00	0.00	0.03	0.02	0.00	0.00	0.01	0.08	0.05	0.10	0.32	0.67	0.21	0.69	0.17	0.35	0.05	0.00	0.66	0.31	1.00	
Trasnition Probability Matrix
0.00	0.00	0.00	0.00	0.00	0.95	0.00	0.00	0.00	0.05	0.00	0.00	0.00	0.00	0.00	0.00	0.00	0.00	0.00	0.00	0.00	0.00	0.00	
0.00	0.00	0.50	0.00	0.00	0.30	0.00	0.00	0.20	0.00	0.00	0.00	0.00	0.00	0.00	0.00	0.00	0.00	0.00	0.00	0.00	0.00	0.00	
0.00	0.00	0.00	0.00	0.90	0.00	0.00	0.00	0.00	0.00	0.00	0.00	0.10	0.00	0.00	0.00	0.00	0.00	0.00	0.00	0.00	0.00	0.00	
0.00	0.00	0.00	0.00	0.00	0.00	0.00	0.00	0.00	0.00	0.00	0.00	0.00	0.00	0.00	0.00	0.00	0.00	0.00	0.00	0.00	0.00	0.00	
0.00	0.00	0.00	0.00	0.00	0.33	0.00	0.28	0.15	0.12	0.00	0.00	0.09	0.00	0.00	0.00	0.00	0.00	0.00	0.00	0.00	0.00	0.00	
0.00	0.00	0.00	0.00	0.00	0.00	0.04	0.00	0.17	0.14	0.07	0.04	0.47	0.00	0.00	0.00	0.00	0.04	0.00	0.00	0.00	0.00	0.01	
0.00	0.00	0.00	0.00	0.00	0.00	0.00	0.00	1.00	0.00	0.00	0.00	0.00	0.00	0.00	0.00	0.00	0.00	0.00	0.00	0.00	0.00	0.00	
0.00	0.00	0.00	0.00	0.00	0.00	0.00	0.00	0.95	0.00	0.00	0.00	0.05	0.00	0.00	0.00	0.00	0.00	0.00	0.00	0.00	0.00	0.00	
0.00	0.00	0.00	0.00	0.00	0.00	0.00	0.00	0.00	0.17	0.35	0.07	0.38	0.00	0.00	0.00	0.00	0.00	0.00	0.00	0.00	0.03	0.00	
0.00	0.00	0.00	0.00	0.00	0.00	0.00	0.00	0.00	0.00	0.18	0.37	0.32	0.00	0.05	0.00	0.00	0.00	0.00	0.00	0.00	0.00	0.00	
0.00	0.00	0.00	0.00	0.00	0.00	0.00	0.00	0.00	0.00	0.00	0.12	0.84	0.00	0.00	0.00	0.00	0.00	0.00	0.00	0.00	0.00	0.00	
0.00	0.00	0.00	0.00	0.00	0.00	0.00	0.00	0.00	0.00	0.00	0.00	0.83	0.07	0.00	0.00	0.00	0.00	0.00	0.00	0.00	0.00	0.00	
0.00	0.00	0.00	0.00	0.00	0.00	0.00	0.00	0.00	0.00	0.00	0.00	0.00	0.04	0.15	0.07	0.10	0.24	0.01	0.00	0.07	0.01	0.00	
0.00	0.00	0.00	0.00	0.00	0.00	0.00	0.00	0.00	0.00	0.00	0.00	0.00	0.00	0.17	0.00	0.00	0.00	0.00	0.00	0.00	0.17	0.00	
0.00	0.00	0.00	0.00	0.00	0.00	0.00	0.00	0.00	0.00	0.00	0.00	0.00	0.00	0.00	0.07	0.69	0.00	0.00	0.03	0.00	0.00	0.00	
0.00	0.00	0.00	0.00	0.00	0.00	0.00	0.00	0.00	0.00	0.00	0.00	0.00	0.00	0.00	0.00	0.00	0.31	0.00	0.00	0.00	0.00	0.00	
0.00	0.00	0.00	0.00	0.00	0.00	0.00	0.00	0.00	0.00	0.00	0.00	0.00	0.00	0.00	0.00	0.00	0.22	0.00	0.53	0.08	0.00	0.00	
0.00	0.00	0.00	0.00	0.00	0.00	0.00	0.00	0.00	0.00	0.00	0.00	0.00	0.00	0.00	0.00	0.00	0.00	0.33	0.00	0.18	0.07	0.07	
0.00	0.00	0.00	0.00	0.00	0.00	0.00	0.00	0.00	0.00	0.00	0.00	0.00	0.00	0.00	0.00	0.00	0.00	0.00	0.00	0.95	0.00	0.00	
0.00	0.00	0.00	0.00	0.00	0.00	0.00	0.00	0.00	0.00	0.00	0.00	0.00	0.00	0.00	0.00	0.00	0.00	0.00	0.00	1.00	0.00	0.00	
0.00	0.00	0.00	0.00	0.00	0.00	0.00	0.00	0.00	0.00	0.00	0.00	0.00	0.00	0.00	0.00	0.00	0.00	0.00	0.00	0.00	0.31	0.03	
0.00	0.00	0.00	0.00	0.00	0.00	0.00	0.00	0.00	0.00	0.00	0.00	0.00	0.00	0.00	0.00	0.00	0.00	0.00	0.00	0.00	0.00	0.69	
0.00	0.00	0.00	0.00	0.00	0.00	0.00	0.00	0.00	0.00	0.00	0.00	0.00	0.00	0.00	0.00	0.00	0.00	0.00	0.00	0.00	0.00	0.00	
Window size:26
Gap length:400
Match score cuttof:15.08
++++++++++++++++++++++++++++++++++++++++++++++++++++++
scoring matrix:
A	-10.00	1.08	-10.00	0.45	-2.01	-0.18	0.49	0.06	0.06	0.92	0.98	0.16	-4.91	-0.12	-10.00	-10.00	0.90	-10.00	-2.95	0.40	-0.51	0.64	-0.20	-1.53	0.94	-10.00	0.33	-0.33	0.72	-0.95	-2.07	1.07	-1.51	-0.95	0.88
T	-10.00	-10.00	0.81	-0.00	1.23	0.24	-0.88	-1.87	-1.03	-3.54	-10.00	-1.65	1.34	0.97	0.56	1.34	-0.51	0.97	-1.38	-3.24	0.17	0.20	-3.53	0.47	-10.00	1.33	0.29	-2.69	-0.45	0.15	-10.00	-10.00	0.49	-3.24	-2.83
C	-10.00	-10.00	0.83	-2.62	-1.84	0.62	0.50	0.21	0.21	-1.20	-3.15	-1.61	-10.00	-4.25	1.13	-10.00	-4.24	0.57	1.18	1.00	0.39	-1.68	0.69	0.83	-4.24	-2.63	-0.31	-0.10	-1.53	0.99	1.69	-4.25	0.81	-1.68	-0.29
G	1.49	-10.00	-4.46	-0.15	-1.92	-1.35	-1.54	0.54	0.39	-0.91	-0.93	0.83	-10.00	-3.39	-4.49	-4.49	-10.00	-10.00	0.42	-3.78	0.01	-4.47	0.49	-0.75	-0.55	-4.47	-1.49	0.95	-0.87	-0.90	-4.49	-3.80	-0.78	1.30	-1.91
Start Probabilities	1.00	
Ending Probabilities	1.00	
Trasnition Probability Matrix
0.00	
Window size:35
Gap length:400
Match score cuttof:0.00
++++++++++++++++++++++++++++++++++++++++++++++++++++++
######################################################
Start Probability:0.04	0.96	0.00
End Probability:0.22	0.10	0.68
Transition Probability:
0.23	0.03	0.74
0.62	0.15	0.22
0.80	0.20	0.00
Gap Length:10000
