align matrix:
A	118	150	1	78	67	0	128	121	1	145	108	4	118	139	1	0	8	2	192	165	0	38	9	0
T	29	50	83	8	114	34	49	37	39	38	0	27	15	6	98	19	1	28	11	0	80	50	141	5
C	8	3	94	0	22	112	3	21	142	17	66	131	3	43	82	4	3	156	1	22	119	51	43	61
G	51	4	29	121	4	61	27	28	25	7	33	45	71	19	26	184	195	21	3	20	8	68	14	141
align matrix:
A	136	158	0	202	199	0	172	180	0
T	71	21	7	1	0	3	22	0	29
C	0	4	183	0	1	198	6	2	155
G	0	24	17	4	7	6	7	25	23
align matrix:
A	74	72	0	73	146	0	179	179
T	19	2	58	124	2	53	3	18
C	15	93	73	3	48	127	5	2
G	99	40	76	5	9	26	20	8
++++++++++++++++++++++++++++++++++++++++++++++++++++++
align matrix:
A	11	0	1	260	258	0	61	0	0	259	257	0	254	259	0	107	64	22	6	0	43	36	3	0	251	255	0	115	0	3	254	259	0	32	0	0	259	260	0	188	30	1	92	0	0	41	3
T	53	49	15	0	0	194	69	35	20	0	0	214	2	0	92	3	1	121	138	16	85	203	0	55	2	0	188	65	4	21	4	0	224	8	2	28	0	0	163	26	230	20	18	0	54	159	41
C	40	182	2	0	1	66	33	210	6	0	2	46	0	0	168	19	167	51	49	219	93	0	233	6	5	3	67	47	209	27	0	0	33	49	209	4	0	0	97	0	0	232	0	20	142	0	164
G	156	29	242	0	1	0	97	15	234	1	1	0	4	1	0	131	28	66	67	25	39	21	24	199	2	2	5	33	47	209	2	1	3	171	49	228	1	0	0	46	0	7	150	240	64	60	52
++++++++++++++++++++++++++++++++++++++++++++++++++++++
align matrix:
A	1	237	263	0	244	263	0	68	79	6	46	40	5	35	29	4	256	268	0	60	31	0	259	253	2
T	24	27	3	24	18	3	109	62	5	101	24	28	56	127	25	42	10	0	98	79	44	11	4	2	24
C	118	9	0	246	13	7	163	40	133	100	118	155	104	37	127	111	4	4	177	13	165	93	7	0	237
G	135	5	12	8	3	5	6	108	61	71	90	55	113	79	97	121	8	5	3	126	38	174	8	23	15
++++++++++++++++++++++++++++++++++++++++++++++++++++++
######################################################
align matrix:
A	75	2	37	26	2	25	11	0	88	152	0	24	18	0	89	127	0	39	40	0	121	105	0	91	74	0
T	10	51	22	25	61	163	11	20	95	33	89	76	80	7	67	25	29	129	64	31	52	13	45	57	130	58
C	95	157	86	96	101	4	119	93	12	20	164	28	129	66	18	18	223	13	64	126	19	30	207	32	10	178
G	76	46	111	109	92	64	115	143	61	51	3	128	29	183	82	86	4	75	88	99	64	108	4	71	42	20
align matrix:
A	3	0	26	41	0	7	25	16
T	4	69	139	110	41	54	57	43
C	14	168	2	21	193	130	13	141
G	235	19	89	65	22	65	161	56
++++++++++++++++++++++++++++++++++++++++++++++++++++++
align matrix:
A	35	95	0	0	78	142	27	22	0	0	92	161
T	173	132	0	6	113	45	198	87	3	8	100	26
C	88	0	313	19	49	64	71	0	286	0	32	41
G	22	91	4	293	72	67	22	209	23	310	94	90
align matrix:
A	0	0	0	2	4	4	0
T	45	219	0	4	38	89	284
C	194	47	313	18	150	221	21
G	79	23	5	292	126	4	0
++++++++++++++++++++++++++++++++++++++++++++++++++++++
align matrix:
A	57	107	0	115	62	4	80	131
T	120	114	38	92	10	45	52	19
C	29	3	235	21	100	216	17	56
G	104	86	37	82	138	45	161	95
align matrix:
A	11	2	138	124	2	17	27	0	103	142	0	122	151	1	115	163	0	89
T	0	34	70	29	107	59	172	9	81	20	6	113	28	35	95	25	32	94
C	8	255	24	48	185	62	80	142	24	11	296	15	29	234	20	18	260	35
G	291	19	78	109	16	172	31	159	102	137	8	60	102	39	80	104	18	92
++++++++++++++++++++++++++++++++++++++++++++++++++++++
######################################################
align matrix:
A	2	115	114	30	108	66	172	104	133	106	60	43	261	43	318	324	4	94	7	72	95	148	116	79	147	117	7	7	69	59	186	42	142	286
T	334	128	109	185	116	115	2	94	63	200	89	45	2	152	11	25	194	124	337	73	42	48	53	28	121	79	40	7	68	106	148	152	34	17
C	10	69	26	38	102	8	132	57	58	20	85	5	70	114	5	2	155	128	1	73	139	7	82	158	28	65	2	332	92	58	17	148	79	14
G	2	36	99	95	22	161	44	95	97	25	118	259	19	43	19	4	2	9	10	137	79	150	102	88	57	92	304	7	124	130	1	9	96	34
align matrix:
A	124	91	221	259	180	69	50	90	346	323	231	114	32	137	133	189	34	107	109	103	172	229	82	40	161	98	55	21	69
T	10	43	8	7	55	6	3	69	0	0	2	43	94	63	63	9	68	114	5	116	101	10	60	32	31	76	47	290	102
C	57	94	87	6	37	36	3	135	6	4	5	98	79	63	99	5	79	128	89	75	33	55	157	33	9	93	8	30	129
G	164	127	41	85	85	246	302	64	6	32	119	101	151	93	61	153	175	7	153	62	50	62	57	251	155	85	242	11	50
align matrix:
A	298	12	107	34	199	18	85	12	119	69	6	48	293	0	112	193	207	160	151	183	109	178	63	94	2	3	119	271	20	101
T	59	4	94	305	29	219	86	1	123	259	2	122	20	376	97	2	0	39	0	0	47	0	2	102	1	1	120	25	248	138
C	9	304	124	10	59	139	0	239	97	2	129	181	17	2	156	182	149	44	14	0	134	204	0	66	1	0	71	38	97	62
G	7	58	53	30	92	5	211	131	44	53	246	32	53	5	17	5	26	139	217	199	92	0	317	120	377	377	67	43	12	75
align matrix:
A	66	1	382	0	224	15	106	201	151	123	285	363	129	2	66	1	0	345	1	5	165	78	215	48	35	294	1	164	89	264	54	13	329
T	97	0	1	227	55	340	94	16	14	16	1	1	39	374	287	172	382	38	248	3	2	110	148	3	132	5	370	129	6	42	99	7	23
C	97	0	0	156	4	12	150	150	43	96	82	1	40	1	6	206	2	1	134	248	214	88	12	171	172	12	13	66	80	34	187	353	23
G	124	383	1	1	101	17	34	16	175	148	15	18	175	6	24	4	0	0	1	128	3	108	9	162	45	73	0	25	208	43	43	10	8
align matrix:
A	17	58	290	95	150	27	162	52	9	111	307	239	172	118	160	75	210	104	151	95	36	40	175	79	160	169	143	78	256	227	140	194
T	127	5	3	117	25	281	121	157	361	41	10	128	41	62	5	84	31	166	68	128	334	103	11	7	8	23	16	26	24	98	48	136
C	169	23	58	107	37	60	55	139	10	38	42	1	27	67	152	94	30	74	53	85	3	122	158	27	125	156	8	75	45	23	49	11
G	69	296	31	63	170	14	43	33	1	191	22	13	142	135	65	129	111	38	110	74	2	110	32	263	83	28	209	197	51	28	138	33
align matrix:
A	23	0	350	1	26	348	1	274	2	26	44	5	62	186	1	119	19	8	74	4
T	88	0	1	197	1	1	212	22	305	144	38	270	98	60	344	126	180	326	111	79
C	81	0	0	153	0	1	139	10	2	66	43	50	63	33	5	26	140	12	116	40
G	160	352	1	1	324	1	0	46	43	114	225	25	127	72	1	79	11	4	49	227
align matrix:
A	116	130	28	2	3	94	37	57	13	116	4	91	279	238	186	44	275	42	101	1	61	116
T	149	150	60	2	1	108	289	88	40	87	206	97	27	68	14	101	18	179	187	9	124	16
C	48	31	118	4	7	104	38	1	27	55	139	82	34	24	65	192	16	131	2	140	150	2
G	51	53	158	357	354	59	1	219	285	107	16	95	25	35	101	29	57	9	69	208	22	223
++++++++++++++++++++++++++++++++++++++++++++++++++++++
align matrix:
A	207	196	135	53	92	68	98	45	46	107	1	59	37	107	62	100	85	64	0	102	1	59	145	84	100	21	40	131	152	13	35	43	23	34	9	25	25	87	60	80	142	32	136	0	69	46	55	42	79	98	69	101	3	42	42	130
T	1	0	14	34	1	35	46	0	39	10	86	47	14	41	25	13	17	27	201	109	132	7	45	13	22	135	22	20	18	77	52	107	70	48	185	60	28	39	22	37	5	77	20	152	37	53	71	44	24	42	26	34	147	43	37	21
C	2	2	13	42	73	69	20	98	72	0	105	49	97	50	32	79	9	34	2	0	71	35	2	33	21	37	25	36	26	81	71	38	56	113	11	40	48	54	44	19	16	78	32	58	65	30	77	75	55	30	59	61	47	50	113	21
G	2	14	48	81	44	38	46	67	53	93	18	55	61	11	90	17	98	85	7	0	7	109	18	80	67	17	123	23	14	39	52	22	61	14	4	84	108	29	83	74	47	23	22	0	39	81	7	48	51	39	55	13	12	74	17	37
align matrix:
A	194	198	90	71	92	101	75	1	75	34	72	35	171	0	52	108	80	71	75	17	34	74	62	51	47	103	49	95	17	16	72	82	83	0	210	15	153	104	101	92	16	57	40	3	38	36	191	66	66	182	39	45	5	34	32	8	57	30	11	19	33	205	17	132	201	31	52	11
T	0	0	2	12	62	16	0	0	14	19	91	82	0	213	81	4	60	21	56	0	64	24	75	58	26	2	68	107	195	84	28	33	18	0	0	70	2	0	16	0	178	70	11	199	61	6	10	25	2	0	70	105	43	88	62	205	58	153	33	81	4	0	102	25	6	75	34	174
C	20	0	3	54	33	46	141	0	41	123	36	45	0	3	70	66	44	39	2	119	85	53	56	70	95	64	71	1	5	104	71	49	31	0	0	103	65	0	27	17	24	53	8	18	62	176	0	29	151	0	74	2	106	51	107	8	50	1	27	108	12	5	81	11	9	72	10	20
G	0	16	119	79	29	53	0	215	86	40	17	54	45	0	13	38	32	85	83	80	33	65	23	37	48	47	28	14	0	13	47	55	89	220	10	32	0	116	76	111	2	40	161	0	59	2	19	99	1	38	37	68	66	47	20	0	56	37	151	14	174	12	21	53	5	43	125	16
align matrix:
A	31	19	0	46	48	112	52	14	38	52	45	46	56	47	29	24	98	67	87	92	85	54	72	85	36	34	4	22	192	8	58	24	155	20	41	177	23	209	198	8	16	78	30	1	0	85	117	6	25	52	124	54	156	138	107	30	53	57	193	167	135
T	74	79	217	41	52	73	93	0	5	39	29	84	45	84	184	88	49	19	16	9	2	41	54	6	65	141	213	63	3	201	65	121	22	76	9	7	67	8	2	85	118	16	61	4	0	28	76	2	52	12	76	25	2	53	14	3	2	39	2	5	6
C	82	116	0	48	38	26	29	169	168	32	48	56	59	65	1	55	24	96	53	90	77	51	60	64	75	41	0	98	14	9	90	59	7	80	3	30	114	0	9	120	8	35	107	0	212	79	0	64	112	148	3	15	13	21	42	8	0	98	25	1	13
G	30	3	0	82	79	6	43	33	5	93	93	29	54	18	0	46	42	31	57	23	50	68	28	59	40	1	0	34	8	0	5	14	34	42	165	5	14	1	9	3	74	87	20	215	8	30	29	149	32	9	18	127	50	9	58	181	167	29	3	50	69
align matrix:
A	227	0	68	5	33	75	62	100	151	201	64	0	123	0	0	51	0	12	145	35	174	97	10	174	1	49	59	101	30	14	218
T	0	119	109	221	91	74	0	27	1	0	35	227	103	98	227	176	129	58	2	48	38	0	107	0	193	67	11	34	57	0	0
C	0	108	7	0	76	71	88	39	42	1	52	0	0	129	0	0	98	33	63	118	5	52	90	14	33	66	90	58	87	212	4
G	0	0	43	1	27	7	77	61	33	25	76	0	0	0	0	0	0	124	17	26	10	78	20	39	0	44	66	34	53	1	5
align matrix:
A	1	0	83	141	142	7	9	211	72	105	7	56	88	13	69	0	222	88	91	30	63	54	47	39	14	4
T	1	0	34	29	14	107	13	12	21	22	95	54	102	9	47	2	2	0	21	143	58	91	136	75	0	17
C	0	0	82	1	15	103	169	2	5	40	110	46	0	128	73	224	1	1	56	35	51	28	40	98	3	146
G	222	224	25	53	53	8	34	0	127	59	13	69	36	76	37	0	1	137	58	18	54	53	3	14	209	59
align matrix:
A	49	76	12	32	48	29	29	15	128	7	1	0	58	110	144	25	34	77	61	91	5	50	3	220	1	62	207	15	33	100	3	113	0	61	209	184	108	36	157
T	34	14	206	89	78	133	69	161	85	101	42	114	21	48	21	91	9	6	22	64	215	79	2	1	73	3	0	74	175	98	82	16	201	16	0	2	11	29	30
C	76	81	3	36	54	56	43	34	5	77	169	100	32	6	38	101	72	69	50	49	3	47	0	0	148	157	5	126	14	1	93	11	12	112	8	27	6	8	3
G	62	50	0	64	42	4	81	12	4	38	11	9	112	59	20	6	108	71	90	19	0	47	218	2	1	1	10	7	0	24	45	83	10	35	7	11	99	151	34
align matrix:
A	20	97	18	6	197	0	10	12	60	106	17	107	0	219	0	215	6	6	1	223	1	1	222	1	40
T	127	62	79	199	8	108	14	28	44	3	2	19	220	5	116	7	206	1	0	0	106	0	0	106	149
C	14	10	92	3	15	112	1	27	88	108	3	50	4	0	108	3	11	2	2	1	117	0	1	116	2
G	52	46	26	14	3	2	198	156	32	8	203	49	1	1	1	0	2	216	221	0	0	222	0	0	32
align matrix:
A	45	80	153	91	23	162	42	35	9	30	26	10	42	68	140	71	34	145	68	175	0	52	84	112	84	64	125
T	21	15	21	26	68	23	50	121	85	73	50	182	32	14	24	51	14	20	36	8	215	61	14	33	24	2	15
C	41	73	3	8	27	5	39	28	19	78	131	3	46	30	32	12	34	15	47	13	3	85	47	6	23	38	50
G	103	45	36	89	98	27	86	33	104	36	10	22	97	105	21	83	135	37	66	21	0	20	73	67	87	114	28
++++++++++++++++++++++++++++++++++++++++++++++++++++++
align matrix:
A	19	9	191	0	72	72	32	35	9	70	219	259	179	59	12	46	0	265	0	152	0	71	102	113	107	130	123	97	0	117	0	0	2	0	139	85	13	144	35	54	227	0
T	83	243	10	118	84	161	85	85	212	39	0	0	0	85	191	65	1	0	122	23	260	65	39	21	25	47	0	52	264	148	114	265	263	140	74	145	19	70	0	63	0	265
C	87	5	15	86	1	24	77	97	43	50	42	0	2	67	26	75	0	0	143	46	5	67	89	45	76	16	48	23	1	0	151	0	0	125	26	33	81	42	73	106	5	0
G	71	6	47	60	107	7	69	47	1	106	4	6	84	54	36	79	264	0	0	44	0	62	35	86	57	72	94	93	0	0	0	0	0	0	26	2	152	9	157	42	33	0
align matrix:
A	114	55	90	2	1	86	90	26	106	2	1	35	217	0	74	0	1	85	219	243	2	2	0	62	210	2	74	123	0	33	0	265	89	39	25	77	18	31	19	40	0	38	237	236	8	110	26	28	2	213
T	33	104	24	0	0	85	70	238	40	1	0	68	1	262	47	0	0	31	1	0	94	37	255	47	27	30	39	134	0	74	0	0	5	117	218	35	196	225	108	2	2	34	5	23	148	91	235	66	240	45
C	53	23	81	0	1	57	55	0	12	203	264	95	25	3	125	0	0	94	4	4	166	199	0	62	28	216	78	0	147	88	265	0	5	86	21	72	25	2	133	0	209	129	17	0	103	8	2	139	19	0
G	62	80	69	263	263	37	50	1	107	59	0	67	22	0	19	265	264	55	41	18	3	27	10	94	0	17	74	8	118	70	0	0	166	23	1	81	26	7	5	223	54	63	5	5	5	55	1	31	3	6
++++++++++++++++++++++++++++++++++++++++++++++++++++++
######################################################
