scoring matrix:
A	0.32	0.56	-4.45	-0.09	-0.25	-10.00	0.40	0.34	-4.45	0.53	0.23	-3.07	0.32	0.48	-4.45	-10.00	-2.37	-3.76	0.81	0.65	-10.00	-0.81	-2.25	-10.00
T	-0.09	0.45	0.96	-1.38	1.28	0.07	0.43	0.15	0.20	0.18	-10.00	-0.16	-0.75	-1.67	1.12	-0.52	-3.46	-0.13	-1.06	-10.00	0.92	0.45	1.49	-1.85
C	-1.87	-2.87	0.57	-10.00	-0.88	0.75	-2.87	-0.92	0.99	-1.14	0.22	0.91	-2.87	-0.21	0.44	-2.58	-2.87	1.08	-3.97	-0.88	0.81	-0.04	-0.21	0.14
G	0.34	-2.21	-0.23	1.20	-2.21	0.51	-0.30	-0.27	-0.38	-1.65	-0.10	0.21	0.67	-0.65	-0.34	1.62	1.68	-0.55	-2.50	-0.60	-1.52	0.62	-0.96	1.35
scoring matrix:
A	0.46	0.61	-10.00	0.86	0.84	-10.00	0.70	0.74	-10.00
T	0.80	-0.42	-1.51	-3.46	-10.00	-2.36	-0.37	-10.00	-0.09
C	-10.00	-2.58	1.24	-10.00	-3.97	1.32	-2.18	-3.28	1.08
G	-10.00	-0.42	-0.76	-2.21	-1.65	-1.81	-1.65	-0.38	-0.46
scoring matrix:
A	-0.15	-0.17	-10.00	-0.15	0.54	-10.00	0.74	0.74
T	-0.52	-2.77	0.60	1.36	-2.73	0.51	-2.36	-0.57
C	-1.26	0.56	0.32	-2.83	-0.09	0.88	-2.36	-3.28
G	1.00	0.09	0.73	-1.96	-1.38	-0.33	-0.60	-1.52
Start Probabilities	0.79	0.21	0.01	
Ending Probabilities	0.18	0.28	1.00	
Trasnition Probability Matrix
0.00	0.74	0.08	
0.00	0.00	0.72	
0.00	0.00	0.00	
Window size:24
Gap length:50
Match score cuttof:15.14
++++++++++++++++++++++++++++++++++++++++++++++++++++++
scoring matrix:
A	-2.05	-10.00	-4.45	1.11	1.11	-10.00	-0.34	-10.00	-10.00	1.11	1.10	-10.00	1.09	1.11	-10.00	0.22	-0.29	-1.36	-2.66	-10.00	-0.69	-0.86	-3.35	-10.00	1.08	1.09	-10.00	0.30	-10.00	-3.35	1.09	1.11	-10.00	-0.98	-10.00	-10.00	1.11	1.11	-10.00	0.79	-1.05	-4.45	0.07	-10.00	-10.00	-0.73	-3.35
T	-0.09	-0.17	-1.35	-10.00	-10.00	1.21	0.18	-0.50	-1.06	-10.00	-10.00	1.31	-3.36	-10.00	0.46	-2.96	-4.06	0.74	0.87	-1.28	0.39	1.26	-10.00	-0.05	-3.36	-10.00	1.18	0.12	-2.67	-1.01	-2.67	-10.00	1.35	-1.98	-3.36	-0.73	-10.00	-10.00	1.04	-0.80	1.38	-1.06	-1.17	-10.00	-0.07	1.01	-0.34
C	-0.41	1.10	-3.41	-10.00	-4.10	0.09	-0.61	1.25	-2.31	-10.00	-3.41	-0.27	-10.00	-10.00	1.02	-1.16	1.02	-0.17	-0.21	1.29	0.43	-10.00	1.35	-2.31	-2.49	-3.00	0.10	-0.25	1.24	-0.81	-10.00	-10.00	-0.61	-0.21	1.24	-2.72	-10.00	-10.00	0.47	-10.00	-10.00	1.34	-10.00	-1.11	0.85	-10.00	1.00
G	1.02	-0.66	1.46	-10.00	-4.03	-10.00	0.54	-1.32	1.42	-4.03	-4.03	-10.00	-2.64	-4.03	-10.00	0.84	-0.70	0.16	0.17	-0.81	-0.37	-0.99	-0.85	1.26	-3.34	-3.34	-2.42	-0.53	-0.18	1.31	-3.34	-4.03	-2.93	1.11	-0.14	1.40	-4.03	-10.00	-10.00	-0.20	-10.00	-2.08	0.98	1.45	0.13	0.06	-0.08
Start Probabilities	1.00	
Ending Probabilities	1.00	
Trasnition Probability Matrix
0.00	
Window size:47
Gap length:50
Match score cuttof:0.00
++++++++++++++++++++++++++++++++++++++++++++++++++++++
scoring matrix:
A	-4.57	0.90	1.01	-10.00	0.93	1.01	-10.00	-0.35	-0.20	-2.77	-0.74	-0.88	-2.96	-1.01	-1.20	-3.18	0.98	1.03	-10.00	-0.47	-1.13	-10.00	0.99	0.97	-3.87
T	-0.60	-0.48	-2.68	-0.60	-0.89	-2.68	0.91	0.35	-2.17	0.84	-0.60	-0.45	0.25	1.06	-0.56	-0.04	-1.48	-10.00	0.81	0.59	0.00	-1.38	-2.39	-3.09	-0.60
C	0.36	-2.21	-10.00	1.09	-1.85	-2.46	0.68	-0.72	0.48	0.19	0.36	0.63	0.23	-0.80	0.43	0.30	-3.02	-3.01	0.77	-1.85	0.70	0.12	-2.46	-10.00	1.06
G	0.88	-2.41	-1.54	-1.94	-2.92	-2.41	-2.23	0.66	0.09	0.24	0.48	-0.01	0.71	0.35	0.55	0.77	-1.94	-2.40	-2.92	0.82	-0.38	1.14	-1.94	-0.89	-1.31
Start Probabilities	1.00	
Ending Probabilities	1.00	
Trasnition Probability Matrix
0.00	
Window size:25
Gap length:50
Match score cuttof:0.00
++++++++++++++++++++++++++++++++++++++++++++++++++++++
######################################################
scoring matrix:
A	0.71	-2.92	0.00	-0.35	-2.92	-0.39	-1.21	-10.00	0.87	1.41	-10.00	-0.43	-0.72	-10.00	0.88	1.23	-10.00	0.05	0.08	-10.00	1.19	1.04	-10.00	0.90	0.69	-10.00
T	-1.73	-0.10	-0.94	-0.81	0.08	1.06	-1.63	-1.04	0.52	-0.54	0.46	0.30	0.35	-2.09	0.17	-0.81	-0.66	0.83	0.13	-0.60	-0.08	-1.47	-0.23	0.03	0.84	0.03
C	0.17	0.67	0.07	0.18	0.23	-3.00	0.39	0.14	-1.90	-1.39	0.71	-1.06	0.47	-0.20	-1.50	-1.50	1.02	-1.82	-0.23	0.45	-1.44	-0.99	0.94	-0.88	-2.09	0.79
G	-0.08	-0.58	0.30	0.28	0.11	-0.25	0.34	0.55	-0.30	-0.48	-3.31	0.44	-1.04	0.80	-0.00	0.05	-3.02	-0.09	0.07	0.19	-0.25	0.27	-3.02	-0.12	-0.67	-1.41
scoring matrix:
A	-2.51	-10.00	-0.35	0.17	-10.00	-1.66	-0.39	-0.84
T	-2.65	0.20	0.90	0.69	-0.32	-0.04	0.01	-0.27
C	-1.75	0.74	-3.69	-1.17	0.87	0.48	-1.82	0.56
G	1.05	-1.46	0.08	-0.15	-1.32	-0.23	0.67	-0.38
Start Probabilities	0.40	0.60	
Ending Probabilities	0.56	1.00	
Trasnition Probability Matrix
0.00	0.44	
0.00	0.00	
Window size:26
Gap length:50
Match score cuttof:6.47
++++++++++++++++++++++++++++++++++++++++++++++++++++++
scoring matrix:
A	0.13	1.13	-10.00	-10.00	0.93	1.53	-0.13	-0.33	-10.00	-10.00	1.10	1.66
T	0.67	0.40	-10.00	-2.69	0.26	-0.68	0.80	-0.02	-3.30	-2.40	0.12	-1.23
C	-0.09	-10.00	1.18	-1.62	-0.64	-0.40	-0.30	-10.00	1.09	-10.00	-1.10	-0.85
G	-1.54	-0.12	-3.23	1.05	-0.33	-0.43	-1.54	0.71	-1.45	1.10	-0.09	-0.13
scoring matrix:
A	-10.00	-10.00	-10.00	-2.71	-2.04	-2.04	-10.00
T	-0.68	0.91	-10.00	-3.07	-0.85	0.01	1.16
C	0.71	-0.56	1.18	-1.66	0.45	0.84	-1.42
G	-0.26	-1.27	-3.02	1.04	0.20	-3.25	-10.00
Start Probabilities	0.33	0.67	
Ending Probabilities	0.25	1.00	
Trasnition Probability Matrix
0.00	0.75	
0.00	0.00	
Window size:12
Gap length:50
Match score cuttof:8.60
++++++++++++++++++++++++++++++++++++++++++++++++++++++
scoring matrix:
A	-0.10	0.53	-10.00	0.60	-0.02	-2.76	0.24	0.74
T	0.74	0.69	-0.41	0.48	-1.74	-0.24	-0.09	-1.04
C	-1.16	-3.43	0.93	-1.49	0.07	0.84	-1.70	-0.46
G	0.07	-0.12	-0.96	-0.17	0.35	-0.77	0.51	0.01
scoring matrix:
A	-1.75	-3.45	0.78	0.67	-3.45	-1.31	-0.85	-10.00	0.49	0.81	-10.00	0.66	0.87	-4.13	0.60	0.95	-10.00	0.34
T	-10.00	-0.52	0.20	-0.68	0.63	0.03	1.10	-1.85	0.35	-1.05	-2.25	0.68	-0.71	-0.48	0.51	-0.82	-0.58	0.50
C	-2.45	1.01	-1.35	-0.66	0.69	-0.41	-0.15	0.42	-1.35	-2.13	1.16	-1.82	-1.16	0.92	-1.54	-1.64	1.03	-0.98
G	1.10	-1.63	-0.22	0.12	-1.80	0.57	-1.14	0.50	0.05	0.35	-2.49	-0.48	0.05	-0.90	-0.19	0.07	-1.68	-0.05
Start Probabilities	0.00	0.00	
Ending Probabilities	0.00	0.00	
Trasnition Probability Matrix
0.00	0.00	
0.00	0.00	
Window size:18
Gap length:50
Match score cuttof:0.00
++++++++++++++++++++++++++++++++++++++++++++++++++++++
######################################################
scoring matrix:
A	-3.66	0.02	0.01	-1.20	-0.04	-0.49	0.38	-0.08	0.14	-0.07	-0.59	-0.90	0.76	-0.90	0.94	0.96	-3.11	-0.19	-2.59	-0.43	-0.18	0.24	0.01	-0.34	0.23	0.02	-2.57	-2.57	-0.47	-0.61	0.45	-0.91	0.20	0.84
T	1.23	0.36	0.22	0.70	0.27	0.26	-3.43	0.08	-0.29	0.77	0.02	-0.60	-3.46	0.51	-1.90	-1.16	0.74	0.32	1.25	-0.17	-0.68	-0.55	-0.46	-1.04	0.30	-0.09	-0.72	-2.32	-0.23	0.18	0.49	0.51	-0.85	-1.49
C	-1.73	0.02	-0.87	-0.52	0.37	-1.95	0.61	-0.16	-0.15	-1.12	0.20	-2.40	0.02	0.47	-2.41	-3.27	0.75	0.57	-3.91	0.05	0.65	-2.10	0.17	0.77	-0.82	-0.05	-3.25	1.45	0.27	-0.15	-1.27	0.71	0.14	-1.45
G	-3.36	-0.74	0.17	0.14	-1.19	0.61	-0.57	0.13	0.15	-1.09	0.33	1.05	-1.35	-0.60	-1.35	-2.81	-3.45	-2.06	-1.96	0.46	-0.05	0.55	0.19	0.06	-0.34	0.10	1.20	-2.27	0.37	0.41	-4.05	-2.02	0.14	-0.81
scoring matrix:
A	0.07	-0.22	0.60	0.75	0.41	-0.48	-0.79	-0.24	1.02	0.95	0.64	-0.01	-1.19	0.16	0.13	0.46	-1.13	-0.07	-0.05	-0.11	0.37	0.63	-0.32	-0.98	0.31	-0.14	-0.67	-1.55	-0.45
T	-2.01	-0.66	-2.23	-2.35	-0.44	-2.50	-3.15	-0.23	-10.00	-10.00	-3.52	-0.66	0.06	-0.31	-0.31	-2.11	-0.24	0.24	-2.66	0.26	0.13	-2.01	-0.35	-0.94	-0.97	-0.12	-0.56	1.11	0.15
C	-0.18	0.29	0.21	-2.27	-0.58	-0.61	-2.93	0.62	-2.28	-2.67	-2.44	0.32	0.12	-0.09	0.33	-2.43	0.12	0.57	0.23	0.08	-0.69	-0.21	0.76	-0.69	-1.89	0.28	-1.97	-0.75	0.58
G	0.63	0.39	-0.66	0.01	0.01	1.00	1.19	-0.25	-2.46	-0.91	0.33	0.18	0.55	0.10	-0.29	0.56	0.69	-2.30	0.56	-0.28	-0.48	-0.28	-0.35	1.02	0.57	0.03	0.99	-1.85	-0.45
scoring matrix:
A	0.88	-2.29	-0.13	-1.27	0.47	-1.91	-0.38	-2.33	-0.04	-0.59	-3.02	-0.95	0.86	-10.00	-0.10	0.44	0.51	0.25	0.20	0.39	-0.13	0.36	-0.67	-0.28	-4.09	-3.69	-0.03	0.78	-1.78	-0.19
T	-0.43	-3.10	0.01	1.17	-1.16	0.84	-0.09	-4.54	0.26	1.01	-3.85	0.25	-1.55	1.38	0.03	-3.83	-10.00	-0.88	-10.00	-10.00	-0.69	-10.00	-3.83	0.08	-4.51	-4.51	0.25	-1.29	0.96	0.39
C	-2.03	1.40	0.52	-1.97	-0.22	0.63	-10.00	1.16	0.27	-3.61	0.55	0.89	-1.47	-3.61	0.74	0.89	0.69	-0.52	-1.66	-10.00	0.59	1.01	-10.00	-0.12	-4.27	-10.00	-0.03	-0.64	0.28	-0.16
G	-2.45	-0.42	-0.51	-1.07	0.03	-2.86	0.85	0.38	-0.71	-0.53	1.00	-1.03	-0.53	-2.88	-1.65	-2.87	-1.23	0.44	0.88	0.79	0.03	-10.00	1.26	0.29	1.43	1.43	-0.27	-0.71	-1.96	-0.16
scoring matrix:
A	-0.64	-4.83	1.12	-10.00	0.59	-2.12	-0.16	0.48	0.19	-0.01	0.83	1.07	0.04	-4.12	-0.63	-4.81	-10.00	1.02	-4.83	-3.22	0.28	-0.47	0.55	-0.95	-1.27	0.86	-4.83	0.27	-0.33	0.75	-0.83	-2.25	0.97
T	0.02	-10.00	-4.55	0.87	-0.54	1.28	-0.01	-1.77	-1.90	-1.77	-4.54	-4.54	-0.88	1.37	1.11	0.60	1.39	-0.91	0.96	-3.45	-3.86	0.15	0.45	-3.45	0.33	-2.94	1.36	0.31	-2.75	-0.81	0.05	-2.60	-1.41
C	0.26	-10.00	-10.00	0.74	-2.92	-1.83	0.70	0.70	-0.55	0.26	0.10	-4.30	-0.62	-4.30	-2.51	1.02	-3.62	-4.31	0.59	1.20	1.05	0.17	-1.83	0.83	0.84	-1.83	-1.75	-0.12	0.07	-0.78	0.92	1.55	-1.17
G	0.32	1.45	-4.50	-4.50	0.11	-1.67	-0.97	-1.72	0.66	0.50	-1.79	-1.60	0.66	-2.70	-1.32	-3.10	-10.00	-10.00	-4.50	0.35	-3.40	0.18	-2.30	0.59	-0.69	-0.21	-10.00	-1.28	0.84	-0.74	-0.74	-2.19	-2.41
scoring matrix:
A	-1.98	-0.76	0.85	-0.26	0.19	-1.52	0.27	-0.86	-2.60	-0.11	0.90	0.65	0.33	-0.05	0.25	-0.50	0.52	-0.17	0.20	-0.26	-1.19	-1.09	0.35	-0.43	0.27	0.32	0.16	-0.44	0.73	0.61	0.14	0.46
T	0.30	-2.92	-3.43	0.22	-1.32	1.09	0.25	0.51	1.34	-0.82	-2.22	0.31	-0.83	-0.42	-2.92	-0.11	-1.11	0.56	-0.32	0.30	1.25	0.10	-2.09	-2.53	-2.40	-1.37	-1.72	-1.25	-1.32	0.05	-0.64	0.38
C	0.82	-1.16	-0.24	0.37	-0.69	-0.21	-0.29	0.63	-1.99	-0.66	-0.56	-4.27	-1.00	-0.10	0.71	0.24	-0.90	-0.00	-0.33	0.14	-3.11	0.50	0.76	-0.97	0.53	0.74	-2.16	0.03	-0.47	-1.13	-0.39	-1.84
G	-0.26	1.19	-1.06	-0.35	0.64	-1.85	-0.73	-0.99	-4.46	0.75	-1.39	-1.91	0.46	0.41	-0.32	0.36	0.21	-0.85	0.20	-0.19	-3.70	0.22	-0.99	1.07	-0.06	-1.12	0.84	0.79	-0.54	-1.12	0.44	-0.95
scoring matrix:
A	-1.47	-10.00	1.03	-4.34	-1.35	1.02	-4.34	0.80	-3.71	-1.34	-0.86	-2.85	-0.55	0.45	-4.33	0.04	-1.63	-2.42	-0.39	-3.05
T	0.01	-10.00	-4.09	0.75	-4.08	-4.08	0.82	-1.26	1.15	0.47	-0.75	1.04	0.12	-0.34	1.26	0.34	0.67	1.21	0.23	-0.08
C	0.16	-10.00	-10.00	0.74	-10.00	-3.86	0.65	-1.76	-3.24	-0.03	-0.42	-0.28	-0.07	-0.66	-2.39	-0.88	0.66	-1.58	0.49	-0.48
G	0.61	1.33	-4.05	-4.05	1.25	-4.03	-10.00	-0.54	-0.60	0.30	0.92	-1.08	0.40	-0.12	-4.03	-0.04	-1.83	-2.75	-0.47	0.93
scoring matrix:
A	-0.02	0.09	-1.36	-3.88	-3.49	-0.22	-1.11	-0.70	-2.10	-0.02	-3.22	-0.25	0.81	0.66	0.43	-0.95	0.80	-0.96	-0.13	-4.43	-0.60	0.00
T	0.48	0.49	-0.38	-3.62	-4.28	0.17	1.11	-0.02	-0.77	-0.03	0.79	0.07	-1.14	-0.27	-1.78	0.11	-1.54	0.66	0.70	-2.13	0.32	-1.59
C	-0.37	-0.78	0.49	-2.73	-2.20	0.37	-0.59	-4.05	-0.92	-0.24	0.64	0.14	-0.70	-1.03	-0.08	0.95	-1.42	0.59	-3.32	0.65	0.72	-3.30
G	-0.49	-0.45	0.58	1.36	1.35	-0.35	-4.23	0.89	1.14	0.21	-1.59	0.10	-1.17	-0.85	0.15	-1.03	-0.39	-2.11	-0.19	0.85	-1.24	0.91
Start Probabilities	0.79	0.09	0.11	0.01	0.01	0.00	0.00	
Ending Probabilities	0.00	0.00	0.00	0.02	0.03	0.13	1.00	
Trasnition Probability Matrix
0.00	0.82	0.16	0.01	0.01	0.00	0.00	
0.00	0.00	0.98	0.01	0.00	0.00	0.00	
0.00	0.00	0.00	0.95	0.03	0.01	0.01	
0.00	0.00	0.00	0.00	0.78	0.19	0.01	
0.00	0.00	0.00	0.00	0.00	0.90	0.07	
0.00	0.00	0.00	0.00	0.00	0.00	0.87	
0.00	0.00	0.00	0.00	0.00	0.00	0.00	
Window size:34
Gap length:400
Match score cuttof:19.75
++++++++++++++++++++++++++++++++++++++++++++++++++++++
scoring matrix:
A	1.07	1.02	0.67	-0.19	0.32	0.04	0.38	-0.34	-0.32	0.46	-3.87	-0.09	-0.52	0.46	-0.04	0.40	0.25	-0.02	-10.00	0.41	-3.89	-0.09	0.74	0.23	0.39	-1.05	-0.45	0.64	0.78	-1.49	-0.58	-0.39	-0.96	-0.60	-1.82	-0.88	-0.88	0.27	-0.07	0.19	0.72	-0.66	0.68	-10.00	0.05	-0.32	-0.16	-0.40	0.18	0.38	0.06	0.41	-2.83	-0.40	-0.40	0.64
T	-3.67	-10.00	-1.19	-0.37	-3.63	-0.34	-0.09	-10.00	-0.24	-1.50	0.49	-0.07	-1.18	-0.19	-0.64	-1.25	-1.00	-0.58	1.28	0.71	0.89	-1.83	-0.11	-1.26	-0.77	0.91	-0.77	-0.86	-0.96	0.39	0.03	0.69	0.30	-0.04	1.20	0.16	-0.54	-0.23	-0.76	-0.29	-2.14	0.39	-0.86	1.02	-0.29	0.04	0.31	-0.12	-0.68	-0.17	-0.61	-0.36	0.99	-0.14	-0.28	-0.80
C	-2.89	-2.89	-1.12	-0.04	0.47	0.42	-0.73	0.74	0.46	-10.00	0.81	0.10	0.74	0.13	-0.29	0.55	-1.45	-0.24	-2.86	-10.00	0.44	-0.21	-2.86	-0.26	-0.68	-0.16	-0.52	-0.18	-0.48	0.57	0.45	-0.13	0.23	0.88	-1.27	-0.08	0.09	0.20	0.01	-0.77	-0.93	0.53	-0.29	0.26	0.36	-0.35	0.52	0.50	0.21	-0.34	0.28	0.31	0.07	0.13	0.88	-0.67
G	-3.02	-1.20	-0.04	0.44	-0.12	-0.26	-0.08	0.26	0.05	0.57	-0.95	0.08	0.18	-1.40	0.54	-1.00	0.62	0.48	-1.83	-10.00	-1.84	0.71	-0.95	0.43	0.26	-1.00	0.83	-0.72	-1.18	-0.24	0.03	-0.77	0.18	-1.17	-2.33	0.48	0.71	-0.50	0.46	0.36	-0.06	-0.72	-0.77	-10.00	-0.24	0.44	-1.83	-0.04	0.02	-0.23	0.09	-1.24	-1.32	0.36	-1.00	-0.28
scoring matrix:
A	1.01	1.03	0.29	0.05	0.30	0.39	0.11	-4.00	0.11	-0.65	0.07	-0.62	0.89	-10.00	-0.24	0.45	0.17	0.05	0.11	-1.31	-0.65	0.09	-0.08	-0.26	-0.34	0.41	-0.30	0.33	-1.32	-1.38	0.06	0.18	0.18	-10.00	1.09	-1.47	0.78	0.41	0.38	0.29	-1.41	-0.18	-0.52	-3.03	-0.57	-0.62	1.00	-0.03	-0.03	0.95	-0.54	-0.41	-2.53	-0.68	-0.74	-2.09	-0.18	-0.81	-1.80	-1.26	-0.73	1.07	-1.36	0.64	1.05	-0.77	-0.27	-1.78
T	-10.00	-10.00	-3.06	-1.40	0.17	-1.12	-10.00	-10.00	-1.25	-0.96	0.53	0.43	-10.00	1.34	0.42	-2.44	0.14	-0.86	0.07	-10.00	0.20	-0.74	0.35	0.10	-0.66	-3.10	0.26	0.69	1.26	0.45	-0.60	-0.45	-1.06	-10.00	-10.00	0.27	-3.18	-10.00	-1.16	-10.00	1.17	0.27	-1.52	1.28	0.14	-2.11	-1.62	-0.72	-3.18	-10.00	0.27	0.66	-0.20	0.49	0.15	1.31	0.08	1.03	-0.47	0.41	-2.55	-10.00	0.63	-0.74	-2.12	0.33	-0.44	1.15
C	-0.76	-10.00	-2.55	0.17	-0.30	0.02	1.08	-10.00	-0.09	0.95	-0.21	-0.00	-10.00	-2.58	0.42	0.36	-0.02	-0.14	-2.96	0.92	0.60	0.15	0.21	0.42	0.71	0.33	0.43	-3.65	-2.11	0.79	0.43	0.07	-0.39	-10.00	-10.00	0.78	0.34	-10.00	-0.51	-0.96	-0.63	0.14	-1.69	-0.91	0.29	1.30	-10.00	-0.44	1.15	-10.00	0.46	-3.04	0.81	0.10	0.82	-1.71	0.08	-3.73	-0.53	0.83	-1.33	-2.18	0.55	-1.40	-1.59	0.43	-1.49	-0.81
G	-10.00	-1.10	0.79	0.40	-0.55	0.02	-10.00	1.35	0.48	-0.25	-1.06	0.04	-0.13	-10.00	-1.31	-0.29	-0.46	0.47	0.45	0.41	-0.43	0.22	-0.77	-0.32	-0.07	-0.09	-0.58	-1.25	-10.00	-1.33	-0.10	0.05	0.51	1.38	-1.61	-0.48	-10.00	0.76	0.35	0.72	-3.17	-0.27	1.08	-10.00	0.11	-3.17	-0.99	0.61	-3.84	-0.32	-0.34	0.25	0.22	-0.11	-0.95	-10.00	0.05	-0.35	1.02	-1.31	1.16	-1.46	-0.90	0.00	-2.30	-0.20	0.84	-1.17
scoring matrix:
A	-0.74	-1.21	-10.00	-0.37	-0.33	0.48	-0.25	-1.49	-0.54	-0.24	-0.37	-0.35	-0.16	-0.33	-0.78	-0.95	0.37	0.01	0.26	0.31	0.23	-0.20	0.07	0.23	-0.59	-0.65	-2.70	-1.07	1.00	-2.05	-0.15	-1.00	0.79	-1.17	-0.48	0.92	-1.04	1.08	1.03	-2.02	-1.36	0.14	-0.78	-4.09	-10.00	0.20	0.52	-2.37	-0.98	-0.27	0.58	-0.23	0.80	0.68	0.43	-0.81	-0.26	-0.19	1.01	0.86	0.66
T	0.33	0.40	1.36	-0.23	-0.00	0.32	0.55	-10.00	-2.23	-0.27	-0.55	0.46	-0.13	0.46	1.20	0.51	-0.04	-0.93	-1.09	-1.64	-3.06	-0.22	0.04	-2.03	0.21	0.95	1.34	0.18	-2.73	1.29	0.21	0.80	-0.84	0.36	-1.69	-1.95	0.23	-1.81	-3.14	0.47	0.78	-1.12	0.14	-2.50	-10.00	-0.63	0.34	-3.19	-0.02	-1.45	0.35	-0.74	-3.19	-0.00	-1.30	-2.82	-3.21	-0.31	-3.23	-2.33	-2.15
C	0.57	0.90	-10.00	0.06	-0.17	-0.53	-0.43	1.26	1.25	-0.33	0.06	0.21	0.26	0.35	-3.58	0.20	-0.58	0.72	0.16	0.66	0.51	0.12	0.28	0.34	0.48	-0.10	-10.00	0.74	-1.12	-1.56	0.65	0.25	-1.80	0.54	-2.61	-0.41	0.88	-10.00	-1.56	0.93	-1.65	-0.24	0.82	-10.00	1.48	0.52	-10.00	0.32	0.86	1.13	-2.66	-1.09	-1.23	-0.77	-0.09	-1.72	-10.00	0.73	-0.61	-3.77	-1.25
G	-0.53	-2.73	-10.00	0.44	0.40	-2.06	-0.18	-0.43	-2.22	0.56	0.56	-0.54	0.05	-0.99	-10.00	-0.10	-0.18	-0.47	0.10	-0.76	-0.02	0.27	-0.57	0.13	-0.25	-3.78	-10.00	-0.41	-1.79	-10.00	-2.25	-1.26	-0.41	-0.21	1.10	-2.27	-1.26	-3.80	-1.69	-2.71	0.34	0.49	-0.92	1.36	-1.83	-0.56	-0.59	1.01	-0.49	-1.73	-1.05	0.85	-0.06	-1.73	0.09	1.20	1.12	-0.60	-2.83	-0.07	0.25
scoring matrix:
A	1.17	-10.00	-0.04	-2.65	-0.76	0.06	-0.13	0.35	0.76	1.05	-0.10	-10.00	0.56	-10.00	-10.00	-0.32	-10.00	-1.77	0.72	-0.70	0.90	0.32	-1.95	0.90	-4.26	-0.36	-0.17	0.36	-0.86	-1.62	1.13
T	-10.00	0.78	0.69	1.40	0.51	0.30	-10.00	-0.71	-4.00	-10.00	-0.45	1.42	0.64	0.58	1.42	1.17	0.86	0.06	-3.31	-0.13	-0.36	-10.00	0.67	-10.00	1.26	0.21	-1.59	-0.47	0.04	-10.00	-10.00
C	-10.00	0.82	-1.91	-10.00	0.47	0.40	0.62	-0.19	-0.12	-3.86	0.09	-10.00	-10.00	1.00	-10.00	-10.00	0.73	-0.36	0.28	0.91	-2.25	0.09	0.64	-1.22	-0.36	0.33	0.64	0.20	0.61	1.50	-2.47
G	-10.00	-10.00	-0.24	-4.00	-0.70	-2.05	0.35	0.11	-0.50	-0.78	0.33	-10.00	-10.00	-10.00	-10.00	-10.00	-10.00	0.82	-1.16	-0.74	-1.69	0.36	-1.00	-0.33	-10.00	-0.21	0.20	-0.47	-0.03	-4.00	-2.39
scoring matrix:
A	-4.19	-10.00	0.17	0.70	0.70	-2.28	-2.03	1.09	0.03	0.40	-2.28	-0.22	0.22	-1.68	-0.02	-10.00	1.15	0.22	0.26	-0.85	-0.11	-0.26	-0.40	-0.59	-1.61	-2.85
T	-3.93	-10.00	-0.46	-0.61	-1.33	0.67	-1.41	-1.49	-0.94	-0.90	0.56	-0.00	0.63	-1.79	-0.15	-3.29	-3.29	-10.00	-0.95	0.96	0.06	0.51	0.91	0.32	-10.00	-1.16
C	-10.00	-10.00	0.55	-3.79	-1.12	0.78	1.27	-3.13	-2.22	-0.16	0.84	-0.02	-10.00	0.99	0.43	1.55	-3.84	-3.84	0.17	-0.30	0.08	-0.52	-0.16	0.73	-2.74	1.12
G	1.40	1.41	-0.75	-0.01	-0.01	-1.89	-0.46	-10.00	0.85	0.09	-1.41	0.24	-0.41	0.34	-0.38	-10.00	-3.97	0.92	0.07	-1.10	-0.00	-0.02	-2.88	-1.35	1.34	0.09
scoring matrix:
A	-0.33	0.10	-1.70	-0.74	-0.35	-0.85	-0.85	-1.49	0.60	-2.25	-4.16	-10.00	-0.17	0.45	0.72	-1.00	-0.70	0.10	-0.13	0.27	-2.58	-0.32	-3.08	1.13	-4.16	-0.11	1.07	-1.49	-0.72	0.36	-3.08	0.48	-10.00	-0.13	1.08	0.96	0.43	-0.65	0.80
T	-0.44	-1.30	1.32	0.50	0.37	0.89	0.25	1.08	0.45	0.62	-0.24	0.74	-0.92	-0.11	-0.92	0.52	-1.75	-2.15	-0.88	0.17	1.36	0.38	-3.23	-3.91	0.30	-2.83	-10.00	0.32	1.16	0.59	0.42	-1.19	1.30	-1.20	-10.00	-3.25	-1.57	-0.61	-0.58
C	0.49	0.55	-2.66	-0.24	0.15	0.18	-0.07	-0.30	-2.18	0.49	1.27	0.75	-0.37	-2.01	-0.20	0.76	0.43	0.39	0.07	0.05	-2.69	0.01	-10.00	-10.00	1.14	1.19	-2.18	0.98	-1.17	-3.77	0.68	-1.42	-1.33	0.86	-1.74	-0.54	-2.03	-1.74	-2.71
G	0.15	-0.06	-10.00	0.18	-0.23	-2.53	0.41	-1.46	-2.53	-0.34	-1.55	-1.75	0.73	0.10	-0.97	-2.15	0.69	0.28	0.51	-1.02	-10.00	-0.13	1.38	-3.23	-3.91	-3.91	-1.63	-1.98	-10.00	-0.79	-0.17	0.43	-1.65	-0.42	-2.01	-1.56	0.60	1.02	-0.45
scoring matrix:
A	-1.12	0.35	-1.24	-2.39	1.03	-10.00	-1.90	-1.72	-0.15	0.41	-1.40	0.42	-10.00	1.13	-10.00	1.11	-2.43	-2.43	-4.19	1.15	-4.19	-4.16	1.14	-4.16	-0.54
T	0.85	0.17	0.40	1.29	-1.87	0.69	-1.32	-0.64	-0.20	-2.87	-3.27	-1.04	1.39	-2.36	0.75	-2.03	1.32	-3.96	-10.00	-10.00	0.67	-10.00	-10.00	0.67	1.00
C	-1.08	-1.42	0.68	-2.68	-1.11	0.86	-3.77	-0.54	0.62	0.83	-2.73	0.06	-2.44	-10.00	0.83	-2.73	-1.44	-3.13	-3.11	-3.79	0.90	-10.00	-3.77	0.90	-3.09
G	0.02	-0.11	-0.65	-1.31	-2.83	-3.21	1.29	1.05	-0.51	-1.89	1.31	-0.10	-3.95	-3.95	-3.95	-10.00	-3.27	1.38	1.40	-10.00	-10.00	1.40	-10.00	-10.00	-0.50
scoring matrix:
A	-0.34	0.18	0.79	0.30	-1.02	0.84	-0.45	-0.63	-1.93	-0.77	-0.91	-1.82	-0.45	0.01	0.70	0.05	-0.65	0.73	0.01	0.91	-10.00	-0.25	0.21	0.48	0.21	-0.05	0.59
T	-0.81	-1.15	-0.84	-0.64	0.26	-0.78	-0.04	0.80	0.47	0.32	-0.04	1.19	-0.47	-1.26	-0.74	-0.02	-1.26	-0.92	-0.36	-1.79	1.35	0.14	-1.27	-0.45	-0.75	-3.14	-1.20
C	-0.06	0.47	-2.53	-1.62	-0.49	-2.11	-0.14	-0.46	-0.83	0.52	1.01	-2.60	0.01	-0.39	-0.33	-1.27	-0.27	-1.06	0.04	-1.19	-2.61	0.60	0.03	-1.95	-0.66	-0.17	0.09
G	0.66	-0.12	-0.33	0.52	0.61	-0.63	0.48	-0.43	0.66	-0.35	-1.58	-0.82	0.60	0.67	-0.87	0.45	0.91	-0.33	0.23	-0.87	-10.00	-0.92	0.32	0.24	0.49	0.75	-0.60
Start Probabilities	0.58	0.26	0.01	0.14	0.00	0.00	0.00	0.00	
Ending Probabilities	0.00	0.00	0.00	0.03	0.02	0.02	0.40	1.00	
Trasnition Probability Matrix
0.00	0.86	0.10	0.04	0.00	0.00	0.00	0.00	
0.00	0.00	0.88	0.11	0.01	0.00	0.00	0.00	
0.00	0.00	0.00	0.97	0.02	0.00	0.01	0.00	
0.00	0.00	0.00	0.00	0.84	0.09	0.03	0.00	
0.00	0.00	0.00	0.00	0.00	0.83	0.16	0.00	
0.00	0.00	0.00	0.00	0.00	0.00	0.98	0.01	
0.00	0.00	0.00	0.00	0.00	0.00	0.00	0.60	
0.00	0.00	0.00	0.00	0.00	0.00	0.00	0.00	
Window size:68
Gap length:400
Match score cuttof:23.03
++++++++++++++++++++++++++++++++++++++++++++++++++++++
scoring matrix:
A	-1.35	-2.11	0.91	-10.00	-0.06	-0.06	-0.86	-0.78	-2.14	-0.09	1.04	1.21	0.84	-0.26	-1.85	-0.51	-10.00	1.23	-10.00	0.68	-10.00	-0.08	0.28	0.38	0.33	0.52	0.47	0.23	-10.00	0.42	-10.00	-10.00	-3.63	-10.00	0.59	0.10	-1.77	0.63	-0.78	-0.35	1.08	-10.00
T	0.24	1.30	-1.86	0.58	0.24	0.89	0.26	0.26	1.16	-0.52	-10.00	-10.00	-10.00	0.25	1.06	-0.01	-4.17	-10.00	0.61	-1.05	1.37	-0.01	-0.52	-1.14	-0.97	-0.34	-10.00	-0.24	1.38	0.81	0.55	1.39	1.38	0.75	0.12	0.79	-1.24	0.06	-10.00	-0.05	-10.00	1.39
C	0.42	-2.41	-1.33	0.40	-4.02	-0.87	0.29	0.52	-0.30	-0.15	-0.32	-10.00	-3.35	0.14	-0.80	0.26	-10.00	-10.00	0.90	-0.23	-2.44	0.14	0.43	-0.25	0.27	-1.28	-0.19	-0.92	-4.04	-10.00	0.95	-10.00	-10.00	0.77	-0.80	-0.56	0.33	-0.32	0.23	0.60	-2.44	-10.00
G	0.11	-2.34	-0.30	-0.07	0.51	-2.20	0.08	-0.31	-4.15	0.50	-2.77	-2.36	0.27	-0.17	-0.58	0.20	1.41	-10.00	-10.00	-0.38	-10.00	-0.04	-0.61	0.29	-0.12	0.11	0.38	0.37	-10.00	-10.00	-10.00	-10.00	-10.00	-10.00	-0.90	-3.46	0.86	-1.96	0.89	-0.43	-0.67	-10.00
scoring matrix:
A	0.40	-0.32	0.16	-3.63	-4.32	0.11	0.16	-1.08	0.32	-3.63	-4.32	-0.78	1.03	-10.00	-0.04	-10.00	-4.32	0.10	1.04	1.15	-3.63	-3.63	-10.00	-0.21	1.00	-3.63	-0.04	0.47	-10.00	-0.84	-10.00	1.23	0.15	-0.68	-1.12	0.00	-1.45	-0.90	-1.39	-0.65	-10.00	-0.69	1.12	1.12	-2.24	0.36	-1.07	-1.00	-3.62	1.02
T	-0.67	0.46	-1.00	-10.00	-10.00	0.25	0.06	1.28	-0.50	-4.17	-10.00	0.03	-4.17	1.37	-0.34	-10.00	-10.00	-0.75	-4.17	-10.00	0.35	-0.58	1.35	-0.34	-0.89	-0.78	-0.52	0.71	-10.00	0.12	-10.00	-10.00	-2.57	0.57	1.19	-0.63	1.09	1.22	0.49	-3.48	-3.48	-0.65	-2.56	-1.04	0.81	0.32	1.27	0.00	1.29	-0.38
C	-0.08	-0.90	0.34	-10.00	-4.04	-0.02	-0.05	-10.00	-1.57	1.25	1.51	0.49	-0.84	-2.95	0.77	-10.00	-10.00	0.48	-2.66	-2.66	1.05	1.23	-10.00	0.07	-0.72	1.31	0.30	-10.00	0.93	0.42	1.51	-10.00	-2.44	0.39	-1.01	0.22	-0.84	-3.35	0.83	-10.00	1.28	0.80	-1.21	-10.00	0.57	-1.96	-3.34	0.87	-1.10	-10.00
G	-0.03	0.23	0.07	1.40	1.40	-0.55	-0.25	-4.15	0.51	-0.09	-10.00	0.04	-1.07	-10.00	-1.22	1.41	1.41	-0.16	-0.45	-1.27	-3.05	-0.87	-1.85	0.38	-10.00	-1.33	0.14	-2.08	0.60	0.08	-10.00	-10.00	0.94	-1.02	-4.15	0.23	-0.90	-2.21	-2.55	1.24	-0.17	-0.02	-2.53	-2.53	-2.53	-0.15	-4.13	-0.72	-3.04	-2.35
Start Probabilities	0.98	0.02	
Ending Probabilities	0.08	1.00	
Trasnition Probability Matrix
0.00	0.92	
0.00	0.00	
Window size:50
Gap length:400
Match score cuttof:0.00
++++++++++++++++++++++++++++++++++++++++++++++++++++++
######################################################
Start Probability:0.04	0.96	0.00
End Probability:0.22	0.10	0.68
Transition Probability:
0.23	0.03	0.74
0.62	0.15	0.22
0.80	0.20	0.00
Gap Length:10000
