DGR_ID	Length	TR_number	Pair_number
NZ_GG667666.1	2615	1	1
NZ_GG704787.1	1480	1	1
NZ_GG697151.2	39966	1	2
NZ_GG705175.1	1383	1	1
NZ_GG705227.1	1400	1	1
NZ_GG774949.1	72315	1	2
NZ_GG774796.1	44319	1	3
NZ_GL538303.1	2151	1	1
NZ_AAVW01000038.1	1845	1	1
NZ_AAYG02000016.1	1713	1	1
NZ_AAYG02000002.1	1338	1	1
NZ_ABBM01001082.1	11161	1	3
NZ_ABEA03000010.1	2946	1	1
NC_020449.1	2373	1	1
NZ_ACCL02000018.1	1229	1	1
NZ_CH724156.1	956924	1	2
NZ_CH902599.1	2289	1	1
NZ_DS264268.1	37783	1	2
NZ_DS264311.1	17128	1	2
NZ_DS362236.1	1726	1	1
NZ_DS480346.1	1299	1	1
NZ_DS499577.1	41442	1	2
NZ_DS499697.1	1768	1	1
NZ_DS981507.1	1624	1	1
NZ_DS981430.1	37755	1	2
NZ_GG692714.1	204146	1	2
NZ_GG666049.1	2110	1	1
NZ_EQ973215.1	27624	1	1
NZ_EQ973214.1	39014	1	2
NZ_KQ236096.1	1367	1	1
NZ_KQ235764.1	25069	1	2
NZ_EQ973486.1	1661	1	1
NZ_DS999412.1	4851	2	10
NZ_GG657758.1	2690622	1	1
NZ_GG730311.1	1338	1	1
NZ_JH636018.1	1318	1	1
NZ_JH636038.1	1255	1	1
NC_010172.1	1376100	1	1
NC_010322.1	2084784	1	2
NC_010524.1	1649	1	1
NC_010682.1	9775	1	3
NC_010814.1	2633	1	2
NC_011004.1	1440806	1	1
NC_010831.1	9264	1	1
NC_012781.1	386498	1	1
NC_011901.1	1646	1	1
NC_011891.1	2987129	1	2
NC_012724.2	2109	1	2
NC_013037.1	3668055	1	10
NZ_CP001621.1	772290	1	3
NC_012791.1	5108520	1	10
NC_012881.1	1441050	1	1
NC_013216.1	2005	1	1
NC_013729.1	2038004	1	1
NC_013959.1	3082	1	2
NC_009494.2	1854	1	1
NZ_GL379585.1	29239	1	1
NC_002967.9	1936530	1	7
NC_006908.1	178619	1	1
NC_007626.1	2291	1	2
NC_007204.1	2153	1	1
NC_009615.1	1473	1	1
NC_007908.1	1279702	1	1
NC_008530.1	133334	1	1
NC_009485.1	6831126	1	2
NC_008750.1	1689465	3	3
NC_008697.1	43097	1	1
NC_009036.1	2114	1	1
NC_009253.1	1710	1	1
NC_011420.2	93269	2	3
NC_009428.1	848342	1	3
NC_009633.1	1734	1	1
NC_016114.1	4997301	1	4
NC_015138.1	786405	1	1
NZ_KI391947.1	2118	1	1
NZ_KI391948.1	37735	1	2
NZ_ADKO01000109.1	1390	1	1
NC_014910.1	7685	1	3
NZ_ACFB01000013.1	41827	1	1
NZ_KE150239.1	3523	1	1
NZ_DS990118.1	1542	1	1
NZ_GL834313.1	1771	1	1
NC_015160.1	1434	1	1
NC_015172.1	2647654	1	7
NC_015312.1	4062254	1	2
NZ_GL890521.1	1533	1	1
NC_021021.1	1917552	1	4
NC_021030.1	1115948	2	3
NC_016776.1	2508	1	1
NZ_GL890865.1	1703	1	1
NZ_ADOP01000028.1	1612	1	1
NC_015572.1	2424915	1	1
NZ_GL945019.1	1592	1	1
NZ_GL945342.1	19892	1	2
NZ_CP007806.1	2715	1	1
NZ_GL949760.1	1644	1	1
NC_015856.1	2543	1	3
NZ_GL988634.1	1610	1	1
NZ_AFXI01000001.1	2778	1	2
NZ_JH114142.1	1177	1	1
NZ_JH114304.1	3129	1	1
NZ_AGFD01000005.1	3022	1	2
NZ_JH376870.1	21154	1	2
NZ_JH379027.1	49983	1	2
NZ_AESD01001019.1	1771	1	1
NZ_CM001374.1	1969	1	1
NZ_HG938370.1	3609	1	3
NC_016593.1	1947034	1	2
NZ_JH590868.1	21915	1	2
NZ_JH590875.1	2080	1	1
NC_019892.1	3944230	1	1
NZ_JH600068.1	1649	1	1
NZ_AFNE01000030.1	1735	1	1
NZ_AIDA02000092.1	1612	1	1
NZ_AIDC02000107.1	1607	1	1
NZ_AJIN01000036.1	2769	1	1
NZ_JH651384.1	2326127	1	1
NZ_CP017311.1	50953	1	1
NZ_AJWX01000011.1	2350	1	2
NZ_AJXW01000043.1	5086	1	2
NZ_JH724088.1	2122	1	1
NZ_JH724245.1	1389	1	1
NZ_JH724268.1	3569	1	2
NZ_JH724283.1	40069	1	2
NZ_AKJT01000025.1	4094	1	3
NZ_AKJK01000081.1	13915	1	4
NZ_AKJH01000019.1	9053	1	3
NZ_AKIV01000010.1	2836	1	3
NC_015873.1	1708	1	1
NC_016002.1	370404	1	4
NZ_ALPT02000044.1	1711	1	1
NZ_CAKP01000036.1	1709	1	1
NZ_HF570108.1	667855	1	1
NC_018680.1	1568	1	1
NZ_AMFD01000008.1	3366	1	1
NZ_CALJ01000311.1	4902	1	1
NZ_AMXB01000038.1	1959	1	2
NZ_JH980292.1	720395	1	3
NZ_BALG01000089.1	1689	1	1
NZ_JH992901.1	1883	1	1
NZ_JH993795.1	13971	1	3
NC_019683.1	9971	1	3
NZ_CAPH01000015.1	39487	1	2
NZ_CAPH01000002.1	2590	1	1
NZ_KI913951.1	76670	1	3
NZ_ALWB01000040.1	1782	1	1
NZ_KB442453.1	2074	1	1
NZ_AONQ01000005.1	4070	1	2
NC_020453.1	2453549	1	6
NZ_KQ976354.1	3679864	1	1
NZ_ANNV01000066.1	22157	1	1
NC_020520.1	4392464	2	6
NC_020829.1	2985753	1	1
NZ_AOUH01000022.1	2367	1	2
NZ_KB731310.1	1726	2	2
NZ_KB822482.1	41166	1	2
NZ_KB822504.1	1605	1	1
NZ_KB846715.1	486020	1	3
NZ_KB849404.1	1657	1	1
NZ_KB849413.1	1656	1	1
NZ_AQYY01000020.1	2027	1	1
NZ_APMQ01000026.1	1633	1	1
NZ_KB890348.1	2170	1	1
NZ_KB892408.1	1807	1	1
NZ_KB892653.1	17010	1	2
NZ_KB894220.1	2268	1	1
NZ_KB894601.1	1570	1	1
NZ_KB895376.1	27892	1	2
NZ_AQWN01000009.1	1691	1	1
NZ_KB899418.1	1658	1	1
NZ_AQYC01000008.1	1635	1	1
NZ_KB905957.1	1631	2	2
NZ_KB906254.1	2111	1	2
NZ_KB911255.1	17912	1	1
NZ_KB944445.1	2132	1	2
NZ_KB944451.1	2144	1	2
NC_021191.1	14036	2	4
NZ_AQPL01000077.1	2258	1	2
NZ_KE159459.1	1372	1	1
NZ_KE159487.1	1525	1	1
NZ_KE159489.1	1597	1	1
NZ_KE159636.1	1689	1	1
NZ_KE159629.1	37806	1	2
NZ_KE159646.1	1024261	2	4
NZ_KE159709.1	2212	1	1
NZ_KE150296.1	2060	1	2
NZ_KE150426.1	1837353	1	3
NC_021499.1	3548277	1	1
NZ_ATLP01000118.1	7067	1	3
NZ_ATVV01000064.1	1918	1	1
NZ_ATWO01000001.1	1637	1	1
NZ_ATXD01000007.1	38552	1	2
NZ_ATHI01000003.1	28140	1	2
NZ_KE384013.1	8508	6	38
NZ_AUIU01000012.1	1515	1	1
NZ_AUJK01000014.1	2322	1	1
NC_017559.1	8377	1	4
NZ_KE386572.1	1540615	1	1
NZ_ATYS01000063.1	2192	1	1
NZ_ATZH01000034.1	36791	1	2
NZ_AUBR01000006.1	1733	1	1
NZ_AUMW01000009.1	1695	1	1
NZ_ALMY01000011.1	8465	1	1
NZ_AUUR01000173.1	21715	1	2
NZ_KE650771.1	1852	1	1
NZ_AVEM02000294.1	9593	1	3
NZ_AURW01000005.1	30381	1	1
NZ_KI271554.1	32533	1	2
NZ_KI271567.1	25466	1	2
NZ_AWNK01000004.1	1623	1	1
NZ_AXAA01000043.1	1175	1	1
NZ_ASSJ01000041.1	2273	1	1
NZ_BATO01000096.1	2250	1	2
NZ_AXCA01000158.1	1626	1	1
NZ_ARWH01000001.1	139456	1	1
NZ_KI519017.1	2159	1	2
NZ_AWNH01000040.1	1853	1	1
NZ_CM002268.1	1648	1	1
NZ_AXBU01000004.1	1652	1	1
NZ_AUTS01000033.1	1925	1	1
NZ_KI632513.1	1639	1	1
NZ_KI669458.1	1519	1	1
NZ_AOJA01000074.1	1684	1	1
NZ_CP007012.1	816932	1	1
NZ_CBVI010000159.1	2056	2	2
NZ_AZVV01000003.1	3134	1	2
NZ_BAIV01000047.1	3171	2	3
NZ_AZRU01000034.1	1492	1	1
NZ_JAEW01000006.1	36593	1	2
NZ_JAFA01000012.1	96068	2	3
NZ_JAGQ01000004.1	17498	1	2
NZ_CBXX010000030.1	1606	1	1
NZ_KK073872.1	1678	1	1
NZ_KK073874.1	1344472	1	2
NZ_JGDC01000303.1	1337	1	1
NZ_BAIZ01000014.1	27090	1	1
NZ_BAMF01000005.1	1264	1	1
NZ_JHVC01000013.1	1746	1	1
NZ_KK211357.1	39876	1	3
NZ_AVCC01000114.1	1675	1	1
NZ_AQRA01000003.1	327371	1	1
NZ_JFJO01000095.1	1608	1	1
NZ_JIAF01000004.1	2319925	1	4
NZ_AXZZ01000186.1	21149	1	1
NZ_JGWV01000017.1	1628	1	1
NZ_CP008696.1	2446	1	2
NZ_JNHG01000525.1	1409	2	2
NZ_CP013730.1	49125	1	1
NZ_JNKJ01000010.1	36976	1	2
NZ_KL370891.1	269024	1	1
NZ_JNIO01000008.1	44428	1	3
NZ_JONL01000001.1	2822	1	2
NZ_JOOA01000001.1	1749	2	2
NZ_JMFO01000003.1	3567	1	1
NZ_JMFO01000010.1	3816	1	2
NZ_JNXT01000020.1	93214	1	4
NZ_JNYY01000001.1	6302	1	1
NZ_JNYY01000006.1	495714	1	2
NZ_JOFV01000004.1	134231	1	1
NZ_JOEQ01000007.1	243814	1	6
NZ_BBIR01000031.1	2367	1	2
NZ_JNFS01000001.1	2466745	1	1
NZ_JIDJ01000049.1	2867	1	2
NZ_CP005997.1	3359978	1	1
NZ_JOKE01000009.1	1609	1	1
NZ_KN050642.1	4789219	1	2
NZ_JQNQ01000001.1	985841	1	1
NZ_JQJY01000003.1	2054	1	3
NZ_CP009048.1	2339	1	2
NZ_CP007786.1	2120	1	2
NZ_KN150910.1	2093	1	2
NZ_KN150980.1	8589	1	3
NZ_AWOR01000058.1	2055	1	1
NZ_AWTN01000095.1	2056	1	1
NZ_JPMY01000012.1	3962	1	3
NZ_JMCH01000022.1	1626	1	1
NZ_JMFY01000017.1	1727	1	1
NZ_JTST01000001.1	2350	1	2
NZ_JTLK01000158.1	1729	1	1
NZ_JTLI01000008.1	1189	1	1
NZ_CP009747.1	2436345	1	6
NZ_KN639176.1	1557307	1	1
NZ_JUEH01000009.1	84366	1	1
NZ_JNFP01000001.1	136732	1	1
NZ_JWMA01000055.1	1657	1	1
NZ_CDBZ01000026.1	2819	1	2
NZ_CP010311.1	1672	1	1
NZ_CP010359.1	2673	1	2
NZ_CP010536.1	3085	1	2
NZ_JXQH01000052.1	2210	2	2
NZ_CP010892.1	2030347	1	6
NZ_JXXG01000003.1	2003	1	1
NZ_JYKO01000020.1	3058	1	3
NZ_JZRC01000006.1	2459	1	2
NZ_LANB01000001.1	50976	1	1
NZ_KQ031391.1	34047	1	1
NZ_KQ033902.1	3112	3	7
NZ_CP011974.1	3318228	1	1
NZ_BBSJ01000051.1	105703	1	1
NZ_LN831776.1	4746297	1	1
NZ_CP011304.1	2707755	1	2
NZ_JAIQ01000034.1	1590	1	1
NZ_CP011279.1	58036	1	2
NZ_JZEG01000001.1	47538	1	1
NZ_LASZ01000001.1	2387	1	2
NZ_LCZB01000052.1	7839	1	3
NZ_CP011773.1	4213213	1	1
NZ_LDZY01000004.1	38359	2	3
NZ_JYLD01000008.1	2366	1	2
NZ_LFMP01000013.1	935793	1	1
NZ_CVVJ01000131.1	68610	1	1
NZ_LN869529.1	1336	1	1
NZ_LFUK01000020.1	1604	1	1
NZ_CP008934.1	1642	1	1
NZ_CP011456.1	1297769	1	3
NZ_LIIO01000025.1	1625	1	1
NZ_LGLE01000005.1	2366	2	3
NZ_CYIG01000062.1	2905	2	3
NZ_CYTL01000001.1	6400	1	3
NZ_CYTC01000006.1	200835	2	10
NZ_CYTT01000010.1	7358	1	2
NZ_LKKS01000033.1	8731	1	3
NZ_BBDW01000001.1	25818	1	2
NZ_CP009429.1	527213	1	1
NZ_BCBB01000027.1	3476	1	2
NZ_BCBU01000003.1	2855	1	2
NZ_CDHG01000005.1	51985	1	6
NZ_COYP01000017.1	9286	2	2
NZ_LBNV01000021.1	8004	1	1
NZ_LN879468.1	915820	1	1
NZ_CZBV01000004.1	1561	1	1
NZ_CYXY01000005.1	31311	1	2
NZ_CZAZ01000002.1	51462	1	2
NZ_CYYC01000004.1	1556	1	1
NZ_CYXN01000005.1	1437	1	1
NZ_CYYL01000002.1	2150	1	1
NZ_CZBH01000002.1	2568	1	1
NZ_BCBX01000033.1	15147	1	2
NZ_BCFK01000064.1	5510	1	1
NZ_LMLT01000010.1	161622	1	14
NZ_LMLL01000016.1	5014	1	1
NZ_LMEC01000011.1	6136	1	3
NZ_LMQV01000044.1	384443	1	1
NZ_LMFF01000012.1	2669	1	2
NZ_LMGS01000009.1	910109	1	1
NZ_LMGM01000001.1	498237	1	1
NZ_LMJU01000001.1	651922	1	1
NZ_LMJF01000001.1	1491880	1	36
NZ_LDJG01000036.1	6228	1	2
NZ_KQ483358.1	3351760	1	7
NZ_AZFC01000002.1	1131	1	1
NZ_AZEI01000017.1	1212	1	1
NZ_LJYG01000108.1	597385	1	1
NZ_CP013118.1	2025231	1	2
NZ_CP013145.1	2924	1	1
NZ_CP013189.1	1685	1	1
NZ_CP012680.1	9101	1	3
NZ_LNVK01000025.1	85251	2	2
NZ_LOQE01000002.1	1499	1	1
NZ_CP013671.1	1124838	1	1
NZ_KQ948146.1	798749	1	1
NZ_LNQU01000005.1	2347	1	2
NZ_LOWF01000107.1	2491	1	3
NZ_LOWI01000016.1	80891	1	1
NZ_LOWP01000021.1	2585	1	3
NZ_LOXK01000134.1	8369	1	3
NZ_LPAG01000068.1	197722	1	1
NZ_LPAI01000116.1	2113	1	2
NZ_LPAT01000035.1	4036	2	4
NZ_LPCO01000006.1	10124	1	3
NZ_LPCQ01000232.1	2304	1	3
NZ_LPCN01000042.1	2033	1	2
NZ_LPFU01000034.1	2120	1	2
NZ_LPKL01000043.1	2119	1	2
NZ_LPMJ01000057.1	9673	1	3
NZ_LPMK01000004.1	3973	1	3
NZ_FCKV01000010.1	1786	1	1
NZ_LCYC01000058.1	2381	1	2
NZ_AP013042.1	283399	1	4
NZ_AP014951.1	3571844	1	1
NZ_LRUJ01000041.1	40845	1	2
NZ_LNRF01000008.1	2132	1	1
NZ_BCTL01000102.1	2173	1	1
NZ_CP014474.1	2061581	1	1
NZ_JYFV01000006.1	1978	1	1
NZ_CP014517.1	284717	1	1
NZ_KQ968198.1	1133	1	1
NZ_KQ968401.1	36610	1	2
NZ_LQYW01000149.1	1709	1	1
NZ_JXDL01000001.1	7465107	1	206
NZ_BCVW01000039.1	1255	1	1
NZ_LOBR01000032.1	1626	1	1
NZ_BCYO01000003.1	11601	1	3
NZ_CP015036.1	368947	1	5
NZ_CP015098.1	645837	1	1
NZ_LMUC01000012.1	13462	5	5
NZ_CP015377.1	2429	1	2
NZ_CP015286.1	1473668	1	1
NZ_CP011789.1	5100533	1	5
NZ_LUCV01000049.1	7117	1	3
NZ_CP015600.1	2744863	1	5
NZ_LVVY01000130.1	28825	1	2
NZ_LBCW01000293.1	1330	1	1
NZ_LYTJ01000023.1	2598	1	1
NZ_LZKU01000029.1	2871	1	1
NZ_LXGI01000065.1	8862	1	2
NZ_MACM02000141.1	1656	1	1
NZ_LZPD01000004.1	2092	1	2
NZ_LYXZ01000005.1	11709	1	1
NZ_MAQB02000001.1	219675	1	4
NZ_CP015399.1	37432	1	2
NZ_CP015400.1	1135212	1	1
NZ_MAKC01000082.1	2072	1	1
NZ_MANU01000020.1	2098	1	2
NZ_MAVV01000019.1	1540	1	1
NZ_CP015639.1	2303518	1	1
NZ_MDTQ01000001.1	2062	1	1
NZ_LXEM01000017.1	4068	1	2
NZ_MEHD01000054.1	1496	1	1
NZ_CP016501.1	975288	1	1
NZ_MCAU02000001.1	1375372	1	1
NZ_LRHX01000019.1	4499	1	3
NZ_CP016043.1	1674396	1	1
NZ_CP017603.1	1725	1	1
NZ_MKIE01000002.1	2101	1	1
NZ_MDRX01000001.1	5316481	1	9
NZ_CP017457.1	2061794	1	2
NZ_BDJF01000025.1	1627	1	1
NZ_LFBV01000001.1	1095362	1	2
NZ_CP018812.1	10862	1	3
NZ_MSKU01000005.1	27134	1	1
NZ_MQTZ01000033.1	2841	1	2
NZ_MJIG01000004.1	2474	1	1
NZ_CP019038.1	2147	2	3
NZ_MSXV01000023.1	2340	1	2
NZ_CP019082.1	2323	1	1
NZ_MJMP01000019.1	7261	1	3
NZ_MUEV01000001.1	1575	1	1
NZ_CP019633.1	1851	1	1
NZ_MUNV01000026.1	2222	1	2
NZ_CP016372.1	2089929	1	3
NZ_CP019781.1	984235	1	2
NZ_CP019402.1	3068315	1	2
NZ_MTAY01000027.1	2567	1	3
NZ_FCOX02000004.1	2091	1	2
NZ_FKLB01000057.1	1508	1	1
NZ_LT574835.1	1340	1	1
NZ_FLOB01000002.1	1576	1	1
NZ_LT594621.1	687328	1	1
NZ_FNKP01000002.1	2506	1	2
NZ_FNAE01000006.1	3453	1	2
NZ_FNAY01000020.1	1684	1	1
NZ_FNJQ01000002.1	1757	1	1
NZ_FNJQ01000004.1	2227	1	1
NZ_FNVY01000004.1	1216	1	1
NZ_FNTS01000002.1	16160	6	91
NZ_FOFM01000005.1	24907	1	1
NZ_FOGN01000001.1	901145	1	1
NZ_FOIB01000002.1	267915	1	1
NZ_FOLF01000007.1	1459	1	1
NZ_FPBL01000002.1	6885	1	2
NZ_FPIP01000002.1	182075	1	1
NZ_FPKO01000009.1	1779	1	1
NZ_LT635801.1	2030093	1	3
NZ_LT669940.1	1747	1	1
NZ_LT669941.1	1770	2	4
NZ_FSQX01000001.1	889020	1	1
NZ_FQUY01000025.1	1734	1	1
NZ_LT670820.1	311723	1	1
NZ_FVTJ01000021.1	1296	1	1
NZ_LT670844.1	7026336	1	1
NZ_FQZM01000064.1	1678	1	1
NZ_FQZY01000020.1	1355	1	1
NZ_FRAE01000037.1	1734	1	1
NZ_FRAX01000005.1	5012	1	2
NZ_FRBE01000005.1	2479	1	1
NZ_FRDH01000008.1	1497	1	1
NZ_FRFD01000007.1	38083	1	2
NZ_FTMY01000007.1	2122	2	3
NZ_FTOG01000012.1	1684	1	1
NZ_FUWU01000058.1	2266	1	1
NZ_FUZV01000001.1	2549	1	3
NZ_FWCH01000012.1	1934	1	1
ERR1730257_scaffold39104	1530	1	1
ERR1730266_C12402965	1305	1	1
ERR1730267_scaffold8961	2241	1	1
ERR1730269_scaffold40424	1802	1	1
ERR1730270_C21331828	1457	1	1
ERR1730271_scaffold31951	1341	1	1
ERR1730271_C15174950	1582	1	1
ERR1730271_C15186662	989	2	2
ERR1730257_C10044608	1342	1	1
ERR1730273_C14094864	1246	1	1
ERR1730276_C14584533	1276	1	1
ERR1730276_C14589353	1920	1	1
ERR1730279_C10135318	1846	1	1
ERR1730265_C8953451	1573	1	1
ERR1730265_C8965809	1428	1	1
SRS011134_Baylor_scaffold_29667	2078	1	1
SRS011239_Baylor_scaffold_4178	1277	1	1
SRS011239_Baylor_scaffold_9817	2080	1	1
SRS011239_Baylor_scaffold_20665	1962	1	1
SRS011239_Baylor_scaffold_29301	1790	1	1
SRS011243_Baylor_scaffold_48301	1703	1	1
SRS011302_Baylor_scaffold_6243	1367	1	2
SRS011302_Baylor_scaffold_18868	1172	1	1
SRS011306_Baylor_scaffold_58376	1382	1	1
C4772571	1790	1	1
SRS011586_WUGC_scaffold_7434	1146	1	1
SRS011586_WUGC_scaffold_10335	1708	1	1
SRS011586_WUGC_scaffold_18705	1309	1	1
SRS012273_Baylor_scaffold_8246	2228	2	3
SRS012273_Baylor_scaffold_34301	1860	1	1
SRS012273_Baylor_scaffold_36765	2083	1	1
SRS013476_Baylor_scaffold_6811	1547	1	1
SRS013687_Baylor_scaffold_21615	1502	1	1
SRS013687_Baylor_scaffold_21809	27977	1	2
C1876891	1632	1	1
SRS013951_WUGC_scaffold_8022	1722	1	1
SRS013951_WUGC_scaffold_8981	25371	2	5
SRS013951_WUGC_scaffold_15927	2756	1	2
SRS013951_WUGC_scaffold_47656	1182	1	1
SRS013951_WUGC_scaffold_64263	2297	1	2
SRS014235_WUGC_scaffold_833	64905	1	2
SRS014235_WUGC_scaffold_9135	1521	1	1
SRS014235_WUGC_scaffold_22079	8517	1	1
SRS014235_WUGC_scaffold_45837	1738	1	1
SRS014235_WUGC_scaffold_70569	3829	1	2
SRS014235_WUGC_scaffold_99120	40213	1	1
SRS014235_WUGC_scaffold_119803	56430	1	2
SRS014287_WUGC_scaffold_38207	1178	1	1
SRS014459_WUGC_scaffold_14203	1390	1	1
SRS014459_WUGC_scaffold_17576	1827	2	3
SRS014459_WUGC_scaffold_31762	16497	1	2
SRS014459_WUGC_scaffold_87987	1326	1	1
SRS014459_WUGC_scaffold_93499	1850	1	1
C2697151	1677	1	1
SRS014613_WUGC_scaffold_3234	2579	1	1
SRS014613_WUGC_scaffold_3983	1750	1	1
SRS014613_WUGC_scaffold_25426	2022	1	1
SRS014613_WUGC_scaffold_26360	2170	1	1
SRS014683_WUGC_scaffold_22791	1421	1	1
SRS014683_WUGC_scaffold_30844	1914	1	1
SRS014923_WUGC_scaffold_51758	2315	1	1
SRS014923_WUGC_scaffold_59580	1548	1	1
SRS014979_WUGC_scaffold_34243	1342	1	1
SRS015133_WUGC_scaffold_33140	2098	1	2
SRS015133_WUGC_scaffold_40856	1921	1	1
SRS015190_WUGC_scaffold_9329	1296	1	1
SRS015190_WUGC_scaffold_24113	1137	1	1
SRS015217_WUGC_scaffold_6606	40085	1	4
SRS015217_WUGC_scaffold_12599	1722	1	1
C2391720	1758	1	1
SRS015264_WUGC_scaffold_13179	2173	1	2
SRS015264_WUGC_scaffold_57793	1752	1	1
SRS015264_WUGC_scaffold_66109	1409	1	1
SRS015578_WUGC_scaffold_31117	1419	1	1
SRS015663_WUGC_scaffold_27774	2370	1	1
SRS015663_WUGC_scaffold_46419	1934	1	1
C3121131	2683	1	1
SRS015782_WUGC_scaffold_28253	1101	1	1
SRS015782_WUGC_scaffold_40748	1744	1	1
SRS015893_WUGC_scaffold_42257	25543	1	2
C3531371	2610	1	1
SRS015960_WUGC_scaffold_18811	1250	1	1
SRS016018_WUGC_scaffold_5573	16050	1	1
SRS016018_WUGC_scaffold_12973	1920	1	1
SRS016018_WUGC_scaffold_20700	1368	1	1
SRS016086_WUGC_scaffold_26885	1339	1	1
SRS016095_WUGC_scaffold_7254	2511	2	2
SRS016095_WUGC_scaffold_16169	1729	1	1
SRS016095_WUGC_scaffold_35851	1229	1	1
C1587581	1792	1	1
SRS016335_WUGC_scaffold_5786	2115	1	1
SRS016335_WUGC_scaffold_32876	1981	2	2
SRS017191_Baylor_scaffold_11226	1811	1	1
C1746428	1311	1	1
C1825501	900	1	1
SRS017521_Baylor_scaffold_11741	2565	1	1
SRS017701_Baylor_scaffold_11281	39396	1	3
SRS017701_Baylor_scaffold_17293	1971	1	1
SRS017821_Baylor_scaffold_7037	1459	1	1
SRS018351_Baylor_scaffold_1004	30697	1	4
SRS018427_Baylor_scaffold_441	1091	1	1
SRS018739_WUGC_scaffold_59882	2287	1	1
SRS019030_Baylor_scaffold_39776	1251	1	1
SRS019161_WUGC_scaffold_62155	2109	1	2
SRS019582_WUGC_scaffold_9518	2606	1	2
SRS019582_WUGC_scaffold_36692	1177	1	2
C3121827	1271	1	1
SRS019787_WUGC_scaffold_25006	1917	1	1
SRS019787_WUGC_scaffold_26812	1534	1	1
SRS019910_WUGC_scaffold_5688	2021	1	1
C2114308	1226	1	1
C4249812	2393	1	1
C4259500	2066	1	2
SRS020328_Baylor_scaffold_6632	975	1	1
SRS020328_Baylor_scaffold_37240	2177	1	1
SRS020869_Baylor_scaffold_3601	3364	1	1
C2197865	1710	1	1
C2204032	1477	1	1
C2209030	2336	1	1
C2209444	1572	1	1
C3046355	1265	1	1
SRS022137_WUGC_scaffold_21834	2244	1	1
SRS022137_WUGC_scaffold_28203	1499	1	1
SRS022524_Baylor_scaffold_12009	1660	1	1
SRS022524_Baylor_scaffold_69898	2197	1	1
SRS022609_Baylor_scaffold_19029	1112	1	1
SRS022609_Baylor_scaffold_27140	1971	1	1
SRS022609_Baylor_scaffold_55782	1604	1	1
SRS022609_Baylor_scaffold_56409	1810	1	1
SRS022609_Baylor_scaffold_90461	1141	1	1
SRS023526_Baylor_scaffold_6887	1362	1	1
C3189776	1201	1	1
SRS023604_Baylor_scaffold_9683	1881	1	1
SRS023914_Baylor_scaffold_3863	1493	1	1
SRS023914_Baylor_scaffold_4680	2151	1	1
SRS024075_LANL_scaffold_2734	1573	1	1
SRS024132_Baylor_scaffold_11143	1353	1	1
SRS043411_WUGC_scaffold_28490	1400	1	1
SRS043701_LANL_scaffold_20843	1436	1	1
SRS045004_LANL_scaffold_8106	1645	1	1
SRS045004_LANL_scaffold_29195	1467	1	1
SRS045713_WUGC_scaffold_5667	1068	1	1
C3206610	1295	1	1
SRS047044_WUGC_scaffold_29536	1807	1	1
SRS048164_WUGC_scaffold_24970	1942	1	1
C2350512	1292	1	2
C2358200	2008	1	1
SRS048870_WUGC_scaffold_8930	2238	1	2
SRS048870_WUGC_scaffold_26562	3823	1	1
SRS049164_WUGC_scaffold_88738	1506	1	1
SRS049900_LANL_scaffold_781	1816	1	1
SRS049959_WUGC_scaffold_2163	1590	1	1
SRS049959_WUGC_scaffold_31150	1767	2	2
SRS049995_LANL_scaffold_11689	101717	1	1
SRS049995_LANL_scaffold_39136	1389	1	1
SRS050299_LANL_scaffold_5926	1358	1	1
SRS050299_LANL_scaffold_23470	3135	1	1
SRS050299_LANL_scaffold_23554	1468	1	1
SRS050422_LANL_scaffold_42845	1839	1	1
SRS050422_LANL_scaffold_71829	1417	1	1
SRS050422_LANL_scaffold_95223	28509	1	2
SRS050422_LANL_scaffold_95410	1621	1	1
SRS050752_LANL_scaffold_13312	1257	1	1
SRS050925_LANL_scaffold_63133	2123	1	1
SRS051031_LANL_scaffold_8810	1326	1	1
SRS051791_LANL_scaffold_29667	3720	1	1
SRS051882_Baylor_scaffold_2613	13062	1	1
SRS052027_LANL_scaffold_4315	1787	1	1
C1905524	1715	1	1
SRS052697_LANL_scaffold_75585	2656	1	1
SRS053603_LANL_scaffold_49461	2645	1	1
SRS054590_LANL_scaffold_1726	8194	1	1
SRS054956_LANL_scaffold_45565	1732	1	1
SRS063985_LANL_scaffold_18440	2200	1	1
SRS064276_LANL_scaffold_69271	29029	1	1
SRS065504_LANL_scaffold_31136	1723	1	1
SRS077730_LANL_scaffold_668	48356	1	2
SRS078176_LANL_scaffold_6356	99619	1	2
SRS078176_LANL_scaffold_28758	1777	1	1
SRS011084_6339	1268	1	1
SRS011084_27735	2022	1	2
SRS011084_37733	2091	1	1
SRS012849_3981	1728	1	1
SRS012849_11094	2081	1	1
SRS012849_18914	1263	1	1
SRS012849_30303	1564	1	1
SRS012849_35874	38333	2	4
SRS012969_6631	27508	1	1
SRS012969_22975	1378	1	1
SRS012969_40859	1484	1	1
SRS013098_4303	2671	1	1
SRS013098_44570	3239	3	5
SRS013638_17921	27889	1	1
SRS013638_18165	3025	2	3
SRS013639_41093	2149	1	1
SRS013639_43662	1506	1	1
SRS016438_286	26765	1	1
SRS016438_contig-100_204.49161	1129	1	1
SRS017916_1738	1602	1	1
SRS017916_1902	2694	1	1
SRS017916_6012	1315	1	1
SRS017916_contig-100_0.120888	1208	1	1
SRS020622_6810	1611	1	1
SRS021153_662	1204	1	1
SRS021153_3903	1488	1	1
SRS021219_4698	2166	1	1
SRS021219_contig-100_456.76036	1746	1	1
SRS024663_10191	1418	1	1
SRS024663_14746	1290	1	1
SRS049402_11425	1928	1	1
SRS049402_16648	2176	1	1
SRS049896_20819	2237	1	1
SRS049896_28596	2074	1	1
SRS053356_25682	1829	1	1
SRS053356_31660	1303	1	1
SRS053356_36161	2014	1	1
SRS053356_45881	15701	1	2
SRS053356_contig-100_794.194732	1146	1	1
SRS053356_contig-100_5.267518	1696	1	1
SRS053649_1516	12512	1	2
SRS053649_2977	1298	1	1
SRS053649_22178	2016	1	1
SRS055533_3040	2119	1	1
SRS056273_13496	1796	1	1
SRS058070_18148	2157	1	1
SRS058070_21025	3698	2	2
SRS058070_26511	2700	1	2
SRS058070_27830	1046	1	1
SRS058070_32052	4082	1	1
SRS063489_7110	1586	1	1
SRS063489_7488	1256	1	1
SRS063489_7884	1244	1	1
SRS063518_1105	1609	1	1
SRS063518_23631	1114	1	1
SRS063518_39733	1704	1	1
SRS063518_contig-100_180.232572	2017	1	1
SRS064973_2164	27985	1	1
SRS075078_contig-100_143.196852	1699	1	1
SRS076929_contig-100_2.152005	1770	2	2
SRS077194_11504	10180	1	2
SRS077194_13281	1895	1	1
SRS077194_contig-100_6.192026	8091	2	4
SRS077294_11876	1323	1	1
SRS077294_15909	1540	1	1
SRS077335_108	1436	1	1
SRS077502_17190	1877	1	1
SRS077552_26597	6633	1	1
SRS077552_29521	1603	1	1
SRS077753_22805	1701	1	1
SRS077753_contig-100_2426.125463	1366	1	1
SRS077849_31399	2128	1	1
SRS078242_18173	1353	1	1
SRS078242_contig-100_186.192316	1745	1	1
SRS078419_12973	2224	1	1
SRS078419_33620	1720	2	2
SRS078419_36028	2155	1	1
SRS078419_contig-100_8.220449	1765	1	1
SRS097889_38241	36324	1	2
SRS098514_contig-100_1443.1443	3143	1	1
SRS098571_57580	2210	1	1
SRS098571_66735	1225	1	1
SRS098571_contig-100_435.368965	1866	1	1
SRS098644_39960	1354	1	1
SRS098644_46184	2168	1	1
SRS098827_2498	1582	1	1
SRS101376_25685	1404	1	1
SRS101433_11371	2079	1	1
SRS103987_32059	1464	1	1
SRS104311_16944	1441	1	1
SRS104311_29027	1486	1	1
SRS104311_30897	1787	1	1
SRS104311_39826	1186	1	1
SRS104311_43330	1425	1	1
SRS104400_19963	22763	1	2
SRS104400_35276	11046	1	1
SRS104400_50484	59183	1	2
SRS104400_56268	34836	1	2
SRS104485_contig-100_3.40861	7525	1	2
SRS105153_1820	1303	1	1
SRS105153_8891	1400	1	1
SRS105153_23880	2046	1	1
SRS105153_34746	2231	1	1
SRS105153_35277	1231	1	1
SRS140513_15763	8784	1	1
SRS140513_contig-100_777.93375	1585	1	1
SRS140513_contig-100_965.93563	1421	1	1
SRS142503_46130	1144	1	1
SRS142599_13655	1432	1	1
SRS142599_20683	1509	1	1
SRS142599_26157	10577	1	2
SRS142599_29045	2173	1	1
SRS142712_2126	1417	1	1
SRS142890_20892	1355	1	1
SRS142890_23877	1416	1	1
SRS143070_7153	1339	1	1
SRS143070_contig-100_15.104628	1668	1	1
SRS143181_4806	1484	1	1
SRS143342_359	41670	1	2
SRS143342_14641	2172	1	1
SRS143342_15425	1527	1	1
SRS143417_24062	1401	1	1
SRS143417_25692	1536	1	1
SRS143417_28426	2112	1	1
SRS143417_28447	1439	1	1
SRS143598_16570	1344	1	1
SRS143598_19309	28542	1	2
SRS143780_21962	1296	1	1
SRS143876_1793	2147	1	1
SRS144362_3557	1411	1	1
SRS144362_34038	1408	1	1
SRS144362_42368	1087	1	1
SRS144506_54353	1303	1	1
SRS144506_57460	1303	1	1
SRS144537_5569	1862	1	1
SRS144537_16768	1617	1	1
SRS144537_23709	1427	1	1
SRS144537_37731	1118	1	1
SRS144537_49241	1445	1	1
SRS144537_49427	1526	1	1
SRS144537_51238	1403	1	1
SRS144537_contig-100_506.244975	1324	1	1
SRS145497_16974	1705	2	3
SRS146764_10955	2579	2	2
SRS146764_28909	8905	1	1
SRS146764_31949	44407	1	2
SRS146764_34025	9619	1	3
SRS146812_35663	1522	1	1
SRS146812_48726	1332	1	1
SRS146812_52317	1937	1	1
SRS146812_62625	1123	1	1
SRS146812_63483	1111	1	1
SRS146812_contig-100_823.267398	1825	1	1
SRS146813_18405	20868	1	2
SRS146813_29026	1518	1	1
SRS146813_29786	2072	1	1
SRS146813_30376	1749	1	1
SRS146813_contig-100_9.162478	1453	1	1
SRS147022_13147	1728	1	1
SRS147022_14101	1310	1	1
SRS147139_2404	2223	1	1
SRS147139_41508	8290	1	2
SRS147346_40122	2046	1	1
SRS147346_44676	1594	1	1
SRS147346_57208	2151	1	1
SRS147652_15411	2912	1	1
SRS148196_23195	1769	1	1
SRS148424_20511	2100	1	1
SRS148721_686	1099	1	1
SRS148721_3798	1429	1	1
SRS148721_52768	10418	1	1
SRR341584_C461723	1632	1	1
SRR341654_C402198	1505	1	1
SRR341656_C650121	1410	1	1
SRR341657_C257402	1320	1	1
SRR341658_C824876	2484	1	1
SRR341658_C829946	1248	1	1
SRR341670_C1289826	1307	1	1
SRR341670_C1290198	2099	1	1
SRR341670_C1290730	2005	1	1
SRR341675_scaffold50601	1076	1	1
SRR341681_C325314	1254	1	1
SRR341684_C381812	2084	1	1
SRR341699_C908140	1750	1	1
SRR341702_C964854	2661	1	1
SRR341717_C475629	1801	1	1
SRR341725_scaffold38652	8900	1	1
SRR341596_C737060	3111	1	1
SRR341607_scaffold19721	1410	1	1
SRR341620_C864717	1423	1	1
SRR341625_C370955	1270	1	1
SRR341628_C483972	1247	1	1
SRR413644_C893728	1636	1	1
SRR413644_C894642	1640	1	1
SRR413651_C544876	1526	1	1
SRR413655_C678742	39982	1	2
SRR413660_C723652	2062	1	1
SRR413660_C730104	1912	1	2
SRR413661_scaffold24484	1809	1	1
SRR413664_C781277	41294	1	2
SRR413671_C943181	1445	1	1
SRR413673_C526459	1333	1	1
SRR413678_scaffold89029	2074	1	2
SRR413679_C1080824	2344	1	1
SRR413685_C508670	1161	2	2
SRR413698_scaffold41949	1695	1	1
SRR413698_C752987	1263	1	1
SRR413698_C761570	1443	1	1
SRR413700_C769058	1422	1	1
SRR413700_C778556	1578	1	1
SRR413702_scaffold63947	1697	1	1
SRR413715_scaffold21836	1350	1	1
SRR413715_scaffold26587	1392	1	1
SRR413715_C626832	1890	1	1
SRR413723_C686915	1715	1	1
SRR413747_C670592	1603	1	1
SRR413747_C671508	27600	1	1
SRR413751_scaffold55	1149	1	1
SRR413756_C276781	28717	1	2
SRR413757_C482646	1630	1	1
SRR413760_C563010	1954	1	1
SRR413760_C569300	1342	1	1
SRR413770_scaffold27026	1370	1	1
SRR413570_C588701	1528	1	1
SRR413572_C822779	1255	1	1
SRR413576_scaffold31470	1397	1	1
SRR413579_scaffold52531	1963	1	1
SRR413582_C673676	1478	1	1
SRR413592_scaffold7781	1388	1	1
SRR413594_C524096	1727	1	1
SRR413606_C692623	1770	1	1
SRR413613_C925995	1159	1	1
SRR413619_C794131	2141	1	1
SRR413620_C591516	18915	1	2
SRR5935768_C773205	2053	1	1
SRR5935799_C703925	1508	1	1
SRR5935804_C793289	1477	1	1
SRR5935859_C648826	1193	1	1
SRR5935877_C605526	1697	1	1
SRR5935889_C597747	1918	1	1
SRR5935915_C409390	2089	1	2
SRR5935922_C440817	1429	1	1
SRR5935962_C430815	1845	1	1
SRR5935988_C437831	1339	1	1
SRR5935993_C425872	1741	1	1
SRR5936013_C762465	1388	1	1
SRR5936018_C321578	1024	1	1
SRR5936079_C368509	1826	1	1
SRR5936095_C831625	1657	1	1
SRR5936099_C858860	2090	1	1
SRR5936104_C538381	1404	1	1
SRR5936118_C519795	2568	1	1
SRR5936143_C690042	2012	1	1
SRR5936192_C287733	2022	1	2
SRR5946628_C474114	1971	1	2
SRR5946640_C439629	1492	1	1
SRR5946645_C421206	1421	1	1
SRR5946682_C667378	1721	1	1
SRR5946690_C480818	1252	1	1
SRR5946690_C482896	1523	1	1
SRR5946692_C822607	3357	1	1
SRR5946714_C326787	1930	1	1
SRR5946820_C486545	1220	1	1
SRR5946832_C698192	1351	1	1
SRR5946844_C262175	1329	1	1
SRR5946876_C1242747	1161	1	1
SRR5946930_C1000536	2138	2	2
SRR5946948_C425137	1323	1	1
SRR5946961_C414466	1798	1	1
SRR5946966_C620206	1106	1	1
SRR5946996_C171483	1317	1	1
SRR5947064_C269332	1863	1	1
SRR5947064_C269808	1307	1	1
SRR5947071_C475142	1734	1	1
SRR5947083_C91996	1454	1	1
SRR5947086_C556606	1143	1	1
SRR5947095_C633555	1701	1	1
SRR5950506_C373521	1665	1	1
SRR5950556_C394045	2166	1	1
SRR5950558_C214827	1892	1	1
SRR5950609_C666592	1237	1	1
SRR5950611_C808649	1153	1	1
SRR5950618_C477200	1897	1	1
SRR5950680_C551889	1436	1	1
SRR5950703_C351676	1565	1	1
SRR5950734_C373719	8942	1	1
