17230989
23335577
27311204
29347723
41179367
42527768
71065017
78189651
83309559
83310593
90580666
113474819
119356297
119509703
119511289
120599269
126090247
126659397
126660098
134299090
146277368
148359926
150390313
153810696
153815102
154488049
154504579
158333546
160885942
160888221
160932588
160938970
161789197
167754333
167758195
167759158
167763773
167841733
171058937
186684985
187929429
189425132
189460481
189463015
194335165
194337212
194337359
218295563
218961492
220934786
225163615
225419931
227485876
237710620
237716228
237720926
237721078
238027140
238909111
239625916
253568001
253574968
253578879
254523226
257093900
257094650
257439360
257440840
258517326
260587208
260642123
261880961
262403399
265750836
266622220
283796807
291513637
291517473
291524999
291526343
291561556
291612675
291614412
291621968
293372957
294674266
294778518
297374652
298385378
298387225
298480077
298480981
299067086
299145828
301163046
308273696
312115534
312962032
313113756
313147618
313147952
315918944
315923025
319764254
322688997
323485151
323485235
323691302
325279507
331088842
331089069
332533803
332534155
332653877
332654472
332655364
332666264
332707562
336402102
336410996
336413450
336433792
338762709
338999650
340788559
341642641
344341810
344343882
345871758
345883525
345893474
347538767
348026361
350551816
350574651
355363092
355386195
355625064
355629964
355681483
139439157
150007547
154502436
160944040
210634695
229815313
253570541
257792377
291522399
291546485
291561321
293369862
317498222
323486088
336435571
