align matrix:
A	0	1	345	345	0	68	0	0	344	331	0	326	345	0	105	96	22	6	0	45	47	2	4	332	335	0	143	0	0	341	340	1	84	19	0	344	345	0	242	42	0	42	0	0	0	0	6	12	66	6
T	110	14	0	0	198	120	62	14	1	0	189	9	0	102	34	2	146	117	15	84	283	0	20	3	0	184	104	33	2	2	0	193	49	5	5	0	0	127	34	295	53	24	7	91	225	102	179	10	4	48
C	214	50	0	1	148	30	224	46	0	2	157	5	0	244	53	211	85	136	259	118	0	317	37	6	8	153	3	311	28	0	2	149	2	277	41	0	0	219	8	0	281	2	26	172	7	207	95	313	20	175
G	22	281	1	0	0	128	48	274	1	2	0	6	1	0	154	37	93	87	72	99	16	27	285	5	3	9	96	2	316	3	4	3	211	45	300	2	1	0	62	9	12	278	313	83	114	37	66	0	256	117
++++++++++++++++++++++++++++++++++++++++++++++++++++++
align matrix:
A	0	167	161	0	108	77	7	49	40	8	65	46	0
T	69	4	7	80	15	10	87	66	35	80	54	1	85
C	114	0	4	108	6	88	59	16	115	90	0	78	61
G	13	25	24	8	67	21	43	65	6	18	77	71	50
align matrix:
A	163	164	0	24	15	7	173	181	0	32	39	0	195	196	1	127	58	3	94	26	0	76	28
T	5	1	136	50	6	34	19	0	76	56	28	36	0	0	81	41	127	23	11	2	50	54	36
C	0	7	51	65	75	112	0	0	102	71	35	50	0	0	114	8	8	170	3	12	101	2	57
G	27	24	9	57	100	43	4	15	18	37	94	110	1	0	0	20	3	0	86	156	45	64	75
++++++++++++++++++++++++++++++++++++++++++++++++++++++
align matrix:
A	96	98	0	32	28	0	98	85	2	93	95	0	1	2	3	116	116	0	13	18	0	115	120	0	105	94	0	114	119	0
T	5	27	28	47	65	7	17	0	16	4	0	30	2	9	3	8	0	16	3	84	8	5	3	1	16	4	3	7	0	6
C	2	0	79	4	3	92	2	26	102	2	28	66	0	0	108	0	6	107	27	18	40	5	0	114	1	13	99	0	0	114
G	22	0	16	42	29	26	8	14	5	26	2	29	122	114	11	1	3	2	82	5	77	0	2	10	0	14	21	2	6	5
++++++++++++++++++++++++++++++++++++++++++++++++++++++
######################################################
align matrix:
A	85	145	0	2	5	3	149	141	2	28	26	0	123	152	0	104	147	1	133	164	0	119	125	0
T	53	28	117	11	0	36	73	18	117	78	159	5	71	19	5	138	36	32	86	9	7	95	39	68
C	24	52	168	11	0	249	15	64	177	65	96	134	18	20	304	26	24	246	12	24	290	27	23	233
G	152	89	29	290	309	26	77	87	18	143	33	175	102	123	5	46	107	35	83	117	17	73	127	13
++++++++++++++++++++++++++++++++++++++++++++++++++++++
align matrix:
A	37	124	0	0	103	167	33	52	3
T	206	153	21	4	120	72	235	90	1
C	137	0	379	23	56	81	119	5	348
G	21	124	1	374	122	81	14	241	49
++++++++++++++++++++++++++++++++++++++++++++++++++++++
align matrix:
A	18	8	0	27	15	0	32	76	0	14	14
T	37	14	56	68	10	46	64	28	45	25	27
C	23	76	81	0	47	65	6	15	124	9	93
G	91	71	32	74	97	58	67	50	0	121	35
align matrix:
A	1	33	73	0	21	25	0	54	85
T	14	88	40	14	86	57	19	50	0
C	73	11	6	130	8	19	87	9	18
G	81	37	50	25	54	68	63	56	66
align matrix:
A	39	47	0	0	4	0	25	37	5
T	46	80	29	25	2	13	50	17	62
C	24	5	140	16	24	120	20	53	71
G	60	37	0	128	139	36	74	62	31
++++++++++++++++++++++++++++++++++++++++++++++++++++++
######################################################
align matrix:
A	98	248	254	119	75	119	127	110	0	107	63	97	53	199	0	66	117	110	79	114	20	49	82	68	77	57	123	64	99	31	15	77	105
T	33	1	0	4	13	69	20	0	3	15	25	111	101	3	272	96	38	72	42	54	25	74	37	91	69	32	2	80	145	242	112	46	38
C	70	22	1	2	74	42	53	165	2	63	124	39	53	16	3	94	79	54	59	5	132	106	82	93	78	130	97	81	18	4	126	99	51
G	71	3	20	150	112	44	74	0	269	89	62	27	67	57	0	21	43	41	96	103	99	47	75	24	52	57	54	52	15	0	24	55	83
align matrix:
A	61	26	42	42	1	68	56	165	75	33	46	65	68	59	67	49	28	23	108	96	100	109	99	68	87	97	60	40	7	22
T	36	202	91	87	277	46	54	78	98	1	9	59	38	128	60	136	230	105	51	31	36	12	1	56	65	33	71	192	266	88
C	14	26	86	140	3	60	59	26	34	212	217	39	75	56	82	71	3	82	46	104	67	124	107	60	72	70	84	39	0	125
G	163	20	55	9	0	105	111	11	72	33	7	117	99	37	70	22	17	68	72	46	74	31	69	92	52	76	61	2	0	37
align matrix:
A	73	179	175	119	83	10	48	0	289	0	96	4	37	103	71	123	215	261	79	1	127	0	0	70	1	20	168	44	200	98	11	227	1	66	71	156
T	30	32	99	17	109	134	77	0	0	144	113	275	114	82	5	31	1	3	38	286	155	122	288	213	160	78	9	74	68	1	131	0	247	77	10	39
C	44	62	7	30	13	25	111	0	0	142	13	9	103	84	102	67	42	1	55	1	2	166	0	3	122	61	92	138	6	84	118	15	37	104	91	58
G	140	14	6	120	81	117	49	288	0	3	67	1	33	17	108	65	28	23	116	0	4	0	0	0	3	127	17	32	14	105	28	46	3	40	115	34
align matrix:
A	68	143	75	31	72	33	43	19	188	9	4	0	81	146	184	31	39	122	71	89	5	62	1	277	0
T	46	14	206	120	98	187	73	217	84	130	61	179	32	54	19	115	23	7	26	94	271	92	6	2	111
C	95	82	4	72	67	60	81	33	7	110	209	95	48	8	54	135	76	77	69	77	9	77	1	0	172
G	76	46	0	62	48	5	88	16	6	37	12	12	125	78	29	5	147	79	119	25	0	54	278	7	2
++++++++++++++++++++++++++++++++++++++++++++++++++++++
align matrix:
A	67	17	139	54	36	36	27	55	4	0	0	136	54	59	54	0	20	88	79	19	59	146	84	0	1	50	108	103	77	66	118	91	41	0	46	31	147	103	86	0	44	62	4	36	1	3	18	12	0
T	1	93	13	74	62	76	42	84	195	202	135	48	140	66	1	164	83	80	31	65	29	17	41	5	0	58	21	70	16	50	72	21	0	0	13	4	53	13	0	202	65	121	189	70	26	12	85	55	56
C	85	92	42	47	79	25	54	46	4	1	64	7	2	61	12	24	44	18	66	86	30	10	42	198	201	44	4	1	34	67	6	21	162	0	33	34	1	16	0	1	28	0	8	49	0	190	78	31	147
G	50	1	9	28	26	66	80	18	0	0	4	12	5	15	134	13	54	14	25	32	85	30	36	0	1	51	70	28	75	19	7	70	0	203	111	134	2	71	117	0	66	20	3	49	179	1	25	108	4
align matrix:
A	161	39	11	43	0	212	0	129	0	68	86	108	101	80	73	85	0	96	0	0	0	0	137	63	9	113	34	53	180	0	74	25	133	7	113	174	67	45
T	0	71	168	53	1	0	113	20	212	57	34	16	19	45	0	47	212	116	87	212	212	123	54	137	16	48	0	51	0	212	54	39	6	72	21	0	40	12
C	0	60	17	41	0	0	99	39	0	29	69	31	41	10	46	8	0	0	125	0	0	89	9	12	42	46	48	75	5	0	59	29	64	95	77	0	55	70
G	46	42	16	75	211	0	0	24	0	58	23	57	51	77	93	72	0	0	0	0	0	0	12	0	145	5	130	33	27	0	25	119	9	37	0	37	48	83
align matrix:
A	77	18	81	45	68	2	1	82	65	27	98	1	1	31	190	1	73	0	1	71	167	192	2	1	0	51	166	2	71	97	0	38	0	209	73	41	3	75	16	31	15	43	0	31	183	182	8	81	23	25	2	163	3
T	43	52	34	88	19	0	0	77	63	183	29	2	0	58	0	208	40	0	0	30	0	0	65	26	198	49	21	31	27	105	0	53	0	0	6	91	184	20	146	171	83	0	1	36	5	22	136	81	186	51	189	39	100
C	15	68	39	17	71	0	1	29	36	0	2	150	210	82	6	3	92	0	1	70	4	1	144	170	0	46	22	176	50	0	118	61	209	0	7	73	21	37	22	2	110	0	151	92	16	0	62	4	0	98	16	0	88
G	74	71	55	59	52	209	209	23	47	1	82	58	0	41	16	0	7	212	210	41	41	19	1	15	13	63	0	0	61	7	91	57	0	0	123	4	1	77	25	5	1	166	57	50	5	5	3	43	0	35	2	6	17
++++++++++++++++++++++++++++++++++++++++++++++++++++++
align matrix:
A	91	351	351	197	73	198	212	171	1	88	125	194	72	295	1	124	43
T	58	0	1	0	10	93	23	5	2	15	6	123	79	6	350	157	177
C	65	0	0	1	28	24	29	180	0	47	58	22	81	7	1	48	88
G	140	4	4	158	245	41	92	0	353	205	165	15	122	46	2	25	46
align matrix:
A	168	91	50	2	52	140	87	100	127	101	103	150	69	81	85	12	11	282	71	90	79	178	102	120	270	16	293	11	112	34	192	27	76	10	120	60	3	46	293
T	183	147	234	226	68	70	180	122	85	25	68	80	111	129	239	327	93	56	133	125	38	13	93	61	20	172	61	3	85	291	27	204	89	1	113	259	0	107	20
C	1	88	53	3	53	54	79	47	80	155	82	70	69	116	33	24	152	12	160	100	120	102	37	20	71	161	9	309	121	9	70	135	1	241	89	0	139	184	15
G	9	35	32	138	196	105	23	100	76	87	115	69	120	43	13	7	114	20	4	53	131	75	137	168	8	20	6	47	52	37	83	5	206	120	50	53	230	35	44
align matrix:
A	0	108	195	208	154	144	177	106	164	55	78	1	1	127	263
T	370	92	1	0	37	0	0	43	0	0	111	0	0	112	29
C	2	154	172	139	42	11	1	128	207	0	60	0	0	63	32
G	0	18	4	25	139	217	194	95	1	317	123	371	371	69	47
align matrix:
A	0	241	1	125	188	146	95	268	368	108	2	67	0	0	340	0	3	179	84	216	53	31	283	1	164	80	259
T	223	40	345	71	14	17	15	1	0	42	365	279	160	373	33	236	3	3	100	134	2	123	1	358	126	8	42
C	150	4	12	147	150	45	92	87	1	41	0	6	209	0	0	137	226	188	80	15	154	173	12	12	61	79	25
G	0	88	15	30	20	164	170	16	3	167	6	21	4	0	0	0	141	3	109	8	164	46	77	0	20	203	39
align matrix:
A	85	188	205	41	33	224	30	105	7	115	125	2	95	4	321	177	11	168	16	10	33	46	10	1	101	337	339	3	31
T	28	73	118	151	254	34	167	132	195	98	201	1	66	2	4	10	274	39	159	212	282	112	64	11	114	0	8	211	177
C	117	73	12	117	56	17	141	85	135	86	10	213	126	332	18	5	4	5	55	86	14	123	2	208	92	8	0	132	140
G	114	10	9	35	2	70	8	24	9	47	10	130	58	7	2	154	57	133	115	37	17	65	270	126	40	3	1	1	2
align matrix:
A	0	309	0	129	0	19	0	345	1	29	348	1	268	2	18	45	6	59	189	0	113	17	7	73	2
T	333	34	216	71	146	89	0	0	193	0	0	205	18	294	147	40	269	96	53	339	130	166	323	110	79
C	10	0	119	0	126	79	0	0	153	1	0	142	8	3	76	41	47	59	27	3	24	147	12	110	34
G	1	1	9	144	72	158	345	0	1	318	0	0	54	49	107	222	26	134	76	3	78	15	1	50	228
align matrix:
A	69	120	129	71	235	160	24	322	320	227	159	236	168	80	257	129	6	1	52	28	230	13	180	207	114	42	1	115	108
T	147	58	0	89	20	1	110	0	4	23	13	2	17	66	44	40	111	358	112	68	27	116	31	48	40	97	277	53	55
C	129	29	105	137	1	70	197	20	20	2	47	62	21	38	52	66	246	2	32	241	0	138	38	52	99	70	67	62	181
G	14	152	127	64	108	133	33	22	20	112	146	64	158	180	11	129	1	3	168	26	106	92	112	54	108	152	16	130	15
align matrix:
A	58	59	297	109	113	1	158	17	18	8	46	46	80	145	3	60
T	89	1	0	18	4	352	51	318	287	133	5	7	73	86	283	117
C	40	272	30	32	8	6	73	6	25	203	303	245	76	12	70	83
G	171	26	32	200	234	0	77	18	29	15	5	61	130	114	1	83
align matrix:
A	123	234	125	246	245	98	53	9	49	70	67	52	83	37	54	286	229	118	131	0	81	85	108	27	229
T	29	60	8	5	0	113	186	297	153	146	11	39	15	12	55	3	33	4	33	241	61	25	35	116	1
C	161	12	13	32	52	79	74	40	130	47	102	216	222	9	138	33	50	40	60	102	60	76	159	143	57
G	30	37	197	60	57	65	42	9	23	92	175	48	33	294	105	30	42	192	127	4	145	158	41	56	57
++++++++++++++++++++++++++++++++++++++++++++++++++++++
######################################################
