scoring matrix:
A	-10.00	-4.63	1.21	1.21	-10.00	-0.41	-10.00	-10.00	1.21	1.16	-10.00	1.15	1.21	-10.00	0.02	-0.07	-1.54	-2.84	-10.00	-0.83	-0.78	-3.94	-3.25	1.17	1.18	-10.00	0.33	-10.00	-10.00	1.20	1.20	-4.63	-0.20	-1.69	-10.00	1.21	1.21	-10.00	0.86	-0.90	-10.00	-0.90	-10.00	-10.00	-10.00	-10.00	-2.84	-2.05	-0.44	-2.84
T	0.51	-1.55	-10.00	-10.00	1.10	0.60	-0.03	-1.47	-4.19	-10.00	1.05	-1.99	-10.00	0.43	-0.67	-3.50	0.79	0.57	-1.48	0.24	1.45	-10.00	-1.20	-3.09	-10.00	1.02	0.45	-0.70	-3.50	-3.50	-10.00	1.07	-0.30	-2.58	-2.58	-10.00	-10.00	0.65	-0.67	1.49	-0.22	-1.01	-2.25	0.32	1.22	0.43	1.00	-1.80	-2.81	-0.32
C	0.79	-0.66	-10.00	-4.58	0.42	-1.17	0.84	-0.69	-10.00	-3.73	0.48	-2.97	-10.00	0.92	-0.61	0.78	-0.13	0.34	0.98	0.19	-10.00	1.18	-0.96	-2.78	-2.50	0.45	-3.48	1.16	-1.24	-10.00	-3.88	0.43	-3.88	1.05	-0.86	-10.00	-10.00	0.81	-2.50	-10.00	1.06	-3.88	-1.32	0.57	-2.63	0.76	-0.02	1.16	-1.58	0.59
G	-1.29	1.26	-4.38	-10.00	-10.00	0.47	-0.46	1.22	-4.38	-3.54	-10.00	-2.59	-4.38	-10.00	0.66	-0.77	0.15	0.09	-0.10	0.22	-1.61	-1.08	1.27	-2.77	-3.28	-2.18	0.18	-3.69	1.38	-3.28	-2.99	-3.28	0.97	-0.57	1.32	-3.69	-4.38	-10.00	-0.25	-2.18	-1.90	1.25	1.37	0.04	0.36	-0.77	-0.19	-10.00	1.17	0.38
Start Probabilities	1.00	
Ending Probabilities	1.00	
Trasnition Probability Matrix
0.00	
Window size:50
Gap length:50
Match score cuttof:0.00
++++++++++++++++++++++++++++++++++++++++++++++++++++++
scoring matrix:
A	-10.00	0.95	0.91	-10.00	0.51	0.17	-2.23	-0.28	-0.48	-2.09	0.00	-0.34	-10.00
T	0.53	-2.32	-1.76	0.68	-1.00	-1.40	0.76	0.48	-0.15	0.68	0.28	-3.71	0.74
C	0.83	-10.00	-2.52	0.78	-2.11	0.58	0.18	-1.13	0.84	0.60	-10.00	0.45	0.21
G	-1.15	-0.49	-0.54	-1.63	0.49	-0.67	0.05	0.46	-1.92	-0.82	0.63	0.55	0.20
scoring matrix:
A	0.92	0.93	-10.00	-0.99	-1.46	-2.23	0.98	1.03	-10.00	-0.71	-0.51	-10.00	1.10	1.11	-4.17	0.67	-0.11	-3.07	0.38	-0.91	-10.00	0.16	-0.84
T	-2.08	-3.71	1.21	0.21	-1.91	-0.18	-0.76	-10.00	0.62	0.32	-0.37	-0.12	-10.00	-10.00	0.69	0.01	1.14	-0.57	-1.28	-3.01	0.21	0.28	-0.12
C	-10.00	-1.96	0.03	0.27	0.42	0.82	-10.00	-10.00	0.72	0.36	-0.35	0.01	-10.00	-10.00	0.83	-1.82	-1.82	1.23	-2.76	-1.42	0.71	-3.21	0.14
G	-0.41	-0.54	-1.52	0.33	0.89	0.05	-2.33	-1.01	-0.82	-0.10	0.83	0.99	-3.71	-10.00	-10.00	-0.72	-2.62	-10.00	0.74	1.34	0.09	0.45	0.60
Start Probabilities	0.73	0.27	
Ending Probabilities	0.12	1.00	
Trasnition Probability Matrix
0.00	0.88	
0.00	0.00	
Window size:23
Gap length:50
Match score cuttof:14.66
++++++++++++++++++++++++++++++++++++++++++++++++++++++
scoring matrix:
A	0.55	0.57	-10.00	-0.55	-0.69	-10.00	0.57	0.42	-3.32	0.51	0.54	-10.00	-4.02	-3.32	-2.92	0.74	0.74	-10.00	-1.45	-1.13	-10.00	0.73	0.77	-10.00	0.64	0.53	-10.00	0.72	0.76	-10.00
T	-0.99	0.69	0.74	1.25	1.57	-0.66	0.23	-10.00	0.17	-1.21	-10.00	0.80	-1.91	-0.40	-1.50	-0.52	-10.00	0.17	-1.50	1.83	-0.52	-0.99	-1.50	-2.60	0.19	-1.21	-1.46	-0.63	-10.00	-0.81
C	-2.84	-10.00	0.83	-2.15	-2.44	0.98	-2.84	-0.28	1.09	-2.84	-0.21	0.65	-10.00	-10.00	1.14	-10.00	-1.75	1.14	-0.24	-0.65	0.15	-1.93	-10.00	1.20	-3.43	-0.97	1.06	-10.00	-10.00	1.20
G	0.02	-10.00	-0.28	0.67	0.30	0.19	-0.99	-0.43	-1.46	0.19	-2.38	0.30	1.73	1.67	-0.67	-3.07	-1.97	-2.38	1.34	-1.46	1.27	-10.00	-2.38	-0.77	-10.00	-0.43	-0.01	-2.32	-1.28	-1.46
Start Probabilities	1.00	
Ending Probabilities	1.00	
Trasnition Probability Matrix
0.00	
Window size:30
Gap length:50
Match score cuttof:12.06
++++++++++++++++++++++++++++++++++++++++++++++++++++++
######################################################
scoring matrix:
A	0.22	0.75	-10.00	-3.53	-2.61	-3.13	0.78	0.73	-3.53	-0.89	-0.97	-10.00	0.59	0.80	-10.00	0.42	0.77	-4.22	0.67	0.88	-10.00	0.56	0.60	-10.00
T	-0.04	-0.68	0.75	-1.61	-10.00	-0.43	0.28	-1.10	0.75	0.34	1.06	-2.40	0.25	-1.07	-2.40	0.91	-0.43	-0.55	0.44	-1.82	-2.07	0.54	-0.35	0.21
C	-1.40	-0.63	0.54	-2.18	-10.00	0.93	-1.87	-0.41	0.59	-0.41	-0.02	0.32	-1.69	-1.59	1.13	-1.32	-1.40	0.92	-2.10	-1.40	1.09	-1.29	-1.45	0.87
G	0.49	-0.04	-1.16	1.14	1.20	-1.27	-0.19	-0.05	-1.64	0.43	-1.03	0.64	0.10	0.28	-2.92	-0.70	0.14	-0.97	-0.11	0.23	-1.70	-0.24	0.32	-1.96
Start Probabilities	1.00	
Ending Probabilities	1.00	
Trasnition Probability Matrix
0.00	
Window size:24
Gap length:50
Match score cuttof:13.61
++++++++++++++++++++++++++++++++++++++++++++++++++++++
scoring matrix:
A	-0.10	1.11	-10.00	-10.00	0.92	1.40	-0.22	0.26	-2.62
T	0.69	0.39	-1.59	-3.25	0.15	-0.36	0.82	-0.10	-4.64
C	0.14	-10.00	1.16	-1.64	-0.75	-0.38	0.00	-3.03	1.08
G	-1.88	-0.11	-4.93	1.00	-0.12	-0.53	-2.29	0.57	-1.04
Start Probabilities	0.00	
Ending Probabilities	0.00	
Trasnition Probability Matrix
0.00	
Window size:9
Gap length:50
Match score cuttof:0.00
++++++++++++++++++++++++++++++++++++++++++++++++++++++
scoring matrix:
A	-0.19	-1.01	-10.00	0.21	-0.38	-10.00	0.38	1.25	-10.00	-0.45	-0.45
T	-0.02	-1.00	0.39	0.58	-1.33	0.19	0.52	-0.30	0.17	-0.42	-0.34
C	-0.78	0.41	0.48	-10.00	-0.07	0.26	-2.13	-1.21	0.90	-1.72	0.62
G	0.43	0.19	-0.61	0.23	0.50	-0.02	0.13	-0.17	-10.00	0.72	-0.52
scoring matrix:
A	-3.08	0.41	1.21	-10.00	-0.04	0.13	-10.00	0.90	1.36
T	-1.00	0.84	0.05	-1.00	0.82	0.41	-0.69	0.28	-10.00
C	0.37	-1.52	-2.13	0.95	-1.84	-0.97	0.55	-1.72	-1.03
G	0.32	-0.47	-0.17	-0.86	-0.09	0.14	0.07	-0.05	0.11
scoring matrix:
A	0.58	0.77	-10.00	-10.00	-1.70	-10.00	0.13	0.53	-1.48
T	0.19	0.75	-0.27	-0.42	-2.94	-1.07	0.28	-0.80	0.49
C	-0.74	-2.31	1.02	-1.14	-0.74	0.87	-0.92	0.05	0.35
G	0.02	-0.47	-10.00	0.77	0.86	-0.49	0.23	0.05	-0.64
Start Probabilities	0.00	0.00	0.00	
Ending Probabilities	0.00	0.00	0.00	
Trasnition Probability Matrix
0.00	0.00	0.00	
0.00	0.00	0.00	
0.00	0.00	0.00	
Window size:11
Gap length:50
Match score cuttof:0.00
++++++++++++++++++++++++++++++++++++++++++++++++++++++
######################################################
scoring matrix:
A	0.14	1.01	1.03	0.32	-0.11	0.32	0.38	0.24	-10.00	0.22	-0.28	0.13	-0.44	0.80	-10.00	-0.25	0.30	0.24	-0.07	0.27	-1.37	-0.52	-0.04	-0.21	-0.10	-0.38	0.35	-0.28	0.14	-0.96	-1.65	-0.10	0.19
T	-0.63	-3.92	-10.00	-2.63	-1.51	0.05	-1.11	-10.00	-2.89	-1.38	-0.90	0.50	0.41	-2.90	1.34	0.36	-0.52	0.08	-0.42	-0.19	-0.91	0.11	-0.54	0.31	0.05	-0.68	-3.30	0.18	0.75	1.23	0.50	-0.34	-0.52
C	0.17	-0.92	-3.84	-3.19	0.22	-0.32	-0.10	0.97	-3.17	0.07	0.70	-0.38	-0.10	-1.23	-2.81	0.44	0.27	-0.09	-0.00	-2.34	0.76	0.55	0.31	0.43	0.26	0.74	0.47	0.29	-1.13	-2.56	0.71	0.48	-0.14
G	0.09	-2.89	-1.12	0.78	0.51	-0.37	0.12	-10.00	1.33	0.29	-0.05	-0.83	0.03	-0.13	-10.00	-1.09	-0.41	-0.45	0.36	0.42	0.39	-0.32	0.13	-0.95	-0.22	-0.13	-0.19	-0.23	-1.40	-10.00	-0.96	-0.17	0.22
scoring matrix:
A	-0.31	-1.11	-0.66	-0.68	-4.30	-0.23	-0.42	0.62	-0.13	-0.92	-0.60	-0.27	-0.23	-0.37	-0.24	-0.53	-1.07	-1.25	0.22	0.11	0.15	0.23	0.14	-0.21	0.02	0.12	-0.33	-0.70	-2.33	-1.25
T	-0.56	1.06	0.31	0.26	1.37	-0.35	-0.20	0.15	0.37	-4.01	-1.91	-0.12	-0.54	0.62	-0.10	0.68	1.19	0.44	-0.24	-0.72	-0.58	-1.61	-3.96	-0.15	-0.01	-0.65	0.07	1.01	1.32	0.28
C	-1.35	-0.77	0.36	0.81	-2.89	0.00	-0.02	-0.80	-0.54	1.21	1.23	-0.41	0.21	-0.07	0.30	0.17	-2.85	0.30	-0.24	0.53	0.11	0.70	0.56	0.01	0.18	0.16	0.33	-0.38	-10.00	0.71
G	0.86	-1.11	-0.16	-1.90	-10.00	0.44	0.49	-1.73	0.08	-0.67	-2.15	0.54	0.38	-0.56	0.05	-1.05	-1.29	0.03	0.08	-0.34	0.11	-0.71	0.05	0.32	-0.22	0.14	-0.07	-3.25	-10.00	-0.52
scoring matrix:
A	-0.19	0.69	0.67	0.29	-0.06	-2.13	-0.59	-10.00	1.16	-10.00	0.07	-3.07	-0.86	0.15	-0.21	0.32	0.87	1.06	-0.12	-4.43	0.35	-10.00	-10.00	-0.23	-4.39	-1.46	0.63	-0.70	0.80	0.09	-2.06	0.92	-4.43	-0.29	-0.22	0.55
T	-0.81	-0.75	0.36	-1.36	0.46	0.66	0.12	-10.00	-10.00	0.73	0.49	1.37	0.50	0.18	-2.56	-0.77	-4.13	-3.09	-0.58	1.41	0.80	0.57	1.41	1.12	0.84	0.13	-1.98	0.07	-0.01	-4.17	0.64	-10.00	1.26	0.12	-1.89	-0.55
C	-0.33	0.01	-2.14	-0.70	-1.52	-0.88	0.58	-10.00	-10.00	0.82	-1.55	-1.91	0.51	0.31	0.50	0.09	-0.37	-4.07	-0.11	-4.07	-3.38	0.97	-10.00	-2.96	0.67	-0.01	0.40	0.79	-2.30	0.30	0.64	-1.40	-0.51	0.52	0.38	-0.06
G	0.71	-1.56	-2.39	0.56	0.17	0.53	-0.32	1.42	-10.00	-3.10	-0.03	-4.19	-0.72	-1.36	0.45	-0.05	-0.87	-1.08	0.52	-10.00	-2.80	-10.00	-10.00	-10.00	-3.06	0.61	-1.36	-0.75	-1.57	0.42	-0.88	-0.39	-3.09	-0.53	0.51	-0.69
scoring matrix:
A	-0.25	0.47	-0.16	-1.02	-0.20	-0.96	-0.70	-1.50	0.74	-2.24	-3.03	-10.00	-0.09	0.49	0.72	-1.03	-0.80	0.32	-0.21	0.01	-2.80	-0.34	-4.39	1.12	-10.00
T	-0.38	-1.54	1.08	0.56	0.36	0.99	0.07	1.13	0.21	0.63	-0.11	0.95	-0.74	-0.23	-1.25	0.51	-1.06	-2.22	-0.94	0.32	1.35	0.30	-2.38	-3.46	0.48
C	0.43	0.29	-2.66	0.16	0.09	-0.02	0.27	-0.60	-2.12	0.57	1.20	0.43	-0.24	-2.00	-0.13	0.77	0.21	0.23	0.12	0.23	-1.87	0.23	-4.03	-10.00	1.01
G	0.11	-0.38	-10.00	-0.09	-0.34	-2.55	0.25	-1.41	-2.37	-0.60	-1.70	-1.70	0.60	0.13	-0.84	-2.56	0.75	0.15	0.55	-0.97	-10.00	-0.22	1.38	-2.23	-3.44
Start Probabilities	0.52	0.10	0.35	0.03	
Ending Probabilities	0.05	0.12	0.29	1.00	
Trasnition Probability Matrix
0.00	0.50	0.37	0.08	
0.00	0.00	0.83	0.05	
0.00	0.00	0.00	0.71	
0.00	0.00	0.00	0.00	
Window size:36
Gap length:400
Match score cuttof:7.50
++++++++++++++++++++++++++++++++++++++++++++++++++++++
scoring matrix:
A	0.08	-1.23	0.78	-0.12	-0.51	-0.51	-0.79	-0.10	-2.61	-10.00	-10.00	0.76	-0.11	-0.03	-0.11	-10.00	-1.05	0.35	0.25	-1.11	-0.04	0.83	0.30	-10.00	-3.94	-0.20	0.54	0.50	0.22	0.07	0.63	0.38	-0.39	-10.00	-0.28	-0.65	0.84	0.50	0.32	-10.00	-0.32	0.01	-2.63	-0.52	-4.01	-2.95	-1.21	-1.60	-10.00
T	-3.80	0.54	-1.35	0.32	0.15	0.35	-0.22	0.44	1.25	1.28	0.90	-0.09	0.93	0.22	-3.75	1.08	0.43	0.40	-0.50	0.20	-0.58	-1.09	-0.25	-2.26	-10.00	0.09	-0.89	0.27	-1.14	-0.05	0.29	-0.89	-10.00	-10.00	-1.35	-2.47	0.00	-1.35	-10.00	1.28	0.20	0.79	1.22	0.26	-0.71	-1.46	0.44	0.02	0.03
C	0.71	0.78	0.03	0.14	0.64	-0.47	0.27	0.12	-2.22	-3.55	0.43	-1.69	-2.85	0.39	-1.15	-0.49	0.08	-0.76	0.47	0.72	-0.29	-1.34	0.03	1.51	1.53	0.07	-2.22	-3.53	-0.17	0.48	-1.83	-0.63	1.32	-10.00	-0.20	-0.17	-3.55	-0.89	-10.00	-3.55	-0.36	-10.00	-1.57	0.17	-10.00	1.48	0.62	-0.28	1.23
G	0.04	-3.71	-1.60	-0.52	-0.59	0.31	0.49	-0.94	-10.00	-10.00	-2.38	-1.33	-2.13	-1.09	0.98	-1.23	0.12	-1.15	-0.61	-0.38	0.55	-0.45	-0.28	-10.00	-3.71	0.06	0.36	-0.51	0.43	-0.88	-1.84	0.36	-10.00	1.38	0.80	0.98	-3.04	0.38	0.85	-10.00	0.31	-0.84	-2.67	0.02	1.26	-3.78	-0.65	0.77	-2.45
scoring matrix:
A	0.92	-0.50	-1.76	-0.40	-10.00	1.20	-10.00	0.70	-10.00	0.06	0.30	0.52	0.46	0.22	0.13	0.28	-10.00	0.41	-10.00	-10.00	-10.00	-10.00	0.76	-0.02	-1.96	0.57	-0.63	-0.19	1.03	-10.00	0.14	-0.94	0.73	-2.20	0.57	1.00	0.05	-0.34
T	-10.00	0.25	1.11	-0.04	-4.01	-10.00	0.71	-1.02	1.34	0.03	-0.49	-1.24	-1.07	-0.21	-10.00	-0.16	1.34	0.74	0.45	1.34	1.34	0.80	-0.02	0.91	-1.24	-0.14	-10.00	-0.08	-10.00	1.34	-0.02	-0.35	-2.22	0.27	-0.96	-10.00	-0.31	-1.50
C	-10.00	0.34	-0.92	-0.04	-10.00	-10.00	0.85	-0.09	-10.00	-0.38	0.48	-0.32	-0.04	-1.45	0.08	-1.67	-10.00	-10.00	1.08	-10.00	-10.00	0.74	-1.55	-1.26	-0.01	0.08	0.12	0.57	-2.14	-10.00	0.33	-0.38	0.41	0.81	0.60	-10.00	0.26	0.50
G	-0.06	-0.18	-1.14	0.40	1.44	-10.00	-10.00	-0.74	-10.00	0.15	-0.78	0.13	0.02	0.43	0.62	0.36	-10.00	-10.00	-10.00	-10.00	-10.00	-10.00	-1.43	-10.00	1.06	-2.30	0.95	-0.42	-0.62	-10.00	-0.70	0.86	-1.72	-0.30	-10.00	-0.30	-0.03	0.51
scoring matrix:
A	0.20	-1.24	0.25	-0.33	0.07	-3.45	-4.14	0.25	0.02	-0.85	0.43	-4.14	-4.14	-0.73	1.09	-4.16	0.13	-10.00	-4.16	0.10	0.96	1.10	-3.47	-4.16	-10.00	-0.21	0.95	-3.40	0.12	0.42	-10.00	-0.50	-10.00	1.18	0.14	-0.43	-3.00	0.17	-1.35	-0.70	-1.42	-0.38	-10.00	-0.70	1.05	1.04	-2.04	0.25	-1.00	-0.91	-3.40	0.94	-2.98
T	-0.23	-0.05	-0.47	0.47	-1.05	-10.00	-10.00	0.33	0.13	1.19	-0.64	-3.30	-10.00	0.05	-10.00	1.32	-0.32	-10.00	-10.00	-0.61	-10.00	-10.00	0.16	-0.76	1.27	-0.11	-0.94	-0.56	-0.69	0.65	-10.00	-0.03	-10.00	-10.00	-2.18	0.50	1.20	-0.99	0.97	1.13	0.41	-10.00	-3.94	-0.41	-2.36	-0.90	0.90	0.39	1.21	-0.07	1.22	-0.32	0.60
C	-1.01	0.48	-0.07	-0.89	0.52	-10.00	-3.73	-0.38	-0.16	-10.00	-3.04	1.26	1.59	0.66	-1.96	-2.65	0.77	-10.00	-3.75	0.50	-2.36	-3.75	1.22	1.39	-10.00	0.09	-0.64	1.41	0.17	-10.00	1.02	0.37	1.58	-10.00	-1.76	0.55	-0.68	-0.12	-0.64	-3.00	0.95	-10.00	1.26	0.78	-0.95	-10.00	0.39	-2.32	-10.00	0.84	-0.95	-10.00	0.73
G	0.40	0.36	0.11	0.17	0.05	1.43	1.43	-0.77	-0.06	-3.89	0.49	0.15	-10.00	-0.20	-1.14	-10.00	-1.97	1.44	1.43	-0.20	-0.20	-0.97	-3.91	-1.21	-1.34	0.24	-10.00	-10.00	0.21	-1.93	0.60	0.14	-10.00	-10.00	0.90	-2.48	-3.84	0.44	-0.67	-2.26	-3.84	1.19	0.14	0.01	-2.26	-2.26	-2.76	-0.14	-10.00	-0.34	-3.16	-2.06	-1.04
Start Probabilities	0.81	0.18	0.00	
Ending Probabilities	0.00	0.07	1.00	
Trasnition Probability Matrix
0.00	0.97	0.03	
0.00	0.00	0.93	
0.00	0.00	0.00	
Window size:53
Gap length:400
Match score cuttof:0.00
++++++++++++++++++++++++++++++++++++++++++++++++++++++
scoring matrix:
A	-0.22	1.06	1.06	0.51	-0.44	0.52	0.58	0.38	-4.53	-0.25	0.08	0.50	-0.44	0.90	-4.50	0.07	-0.93
T	-0.38	-10.00	-4.27	-10.00	-2.07	0.06	-1.27	-2.73	-3.60	-1.67	-2.54	0.33	-0.09	-2.54	1.32	0.56	0.68
C	-0.05	-10.00	-10.00	-4.04	-0.86	-1.01	-0.83	0.92	-10.00	-0.36	-0.16	-1.08	0.16	-2.17	-4.01	-0.34	0.24
G	0.48	-2.90	-2.91	0.60	1.02	-0.69	0.08	-10.00	1.36	0.85	0.64	-1.63	0.35	-0.57	-3.55	-1.15	-0.57
scoring matrix:
A	0.35	-0.24	-0.86	-4.05	-0.82	0.16	-0.31	-0.18	0.06	-0.16	-0.14	0.23	-0.54	-0.38	-0.34	-2.28	-2.37	0.85	-0.51	-0.28	-0.41	0.40	-0.16	0.00	0.81	-1.99	0.89	-2.37	-0.07	-1.26	0.46	-1.48	-0.46	-2.48	-0.00	-0.70	-3.68	-0.96	0.89
T	0.70	0.49	0.94	0.90	-0.28	-0.25	0.68	0.30	-0.06	-1.27	-0.28	-0.12	0.20	0.35	0.96	1.27	0.02	-0.48	0.38	0.32	-0.85	-1.91	0.03	-0.39	-1.49	0.63	-0.39	-3.38	-0.07	1.16	-1.21	0.80	-0.03	-4.50	0.21	1.04	-10.00	0.16	-1.51
C	-4.11	0.22	-0.30	-3.14	-0.30	-0.28	0.10	-0.41	0.11	0.77	0.14	-0.02	-0.03	0.48	-0.77	-1.08	0.75	-1.77	0.80	0.33	0.51	0.35	-0.65	-1.26	-0.01	0.80	-2.05	1.45	0.52	-2.07	-0.03	0.63	-4.27	1.20	0.21	-10.00	0.66	0.94	-1.56
G	-2.18	-0.87	-1.00	0.45	0.80	0.18	-1.32	0.13	-0.14	-0.00	0.27	-0.24	0.31	-0.70	-1.89	-2.51	0.26	-1.47	-3.04	-0.49	0.40	-0.15	0.44	0.64	-2.37	-1.46	-2.65	-0.62	-0.52	-0.86	-0.06	-2.85	0.85	0.31	-0.57	-0.51	0.96	-0.92	-0.69
scoring matrix:
A	-10.00	-0.11	0.48	0.54	0.25	0.18	0.38	-0.13	0.31	-0.78	-0.43	-4.78	-4.78	0.06	0.78
T	1.40	0.01	-4.50	-10.00	-0.90	-10.00	-10.00	-0.75	-10.00	-10.00	0.20	-10.00	-10.00	0.21	-1.14
C	-3.57	0.76	0.87	0.66	-0.54	-1.87	-4.27	0.57	1.05	-10.00	-0.18	-10.00	-10.00	-0.13	-0.80
G	-10.00	-1.59	-3.09	-1.26	0.45	0.90	0.79	0.07	-4.47	1.28	0.33	1.43	1.43	-0.24	-0.62
scoring matrix:
A	-10.00	0.69	-4.79	0.03	0.44	0.19	-0.24	0.80	1.11	-0.07	-4.10	-0.59	-10.00	-10.00	1.03	-10.00	-3.70	0.39	-0.36	0.58	-0.82	-1.36	0.85	-4.76	0.31	-0.40	0.77
T	0.89	-0.83	1.33	-0.25	-1.87	-1.68	-1.80	-4.50	-10.00	-0.71	1.38	1.11	0.56	1.41	-1.02	0.95	-3.42	-3.42	0.09	0.38	-3.82	0.30	-4.52	1.36	0.32	-2.41	-0.74
C	0.73	-2.89	-1.79	0.71	0.73	-0.47	0.24	0.19	-4.27	-0.50	-10.00	-2.49	1.06	-10.00	-10.00	0.64	1.14	0.96	0.10	-1.57	0.76	0.87	-1.79	-1.78	-0.16	0.10	-1.02
G	-10.00	-0.01	-1.77	-1.08	-1.48	0.62	0.65	-1.70	-3.37	0.65	-2.69	-1.44	-3.10	-10.00	-10.00	-10.00	0.47	-3.38	0.21	-2.40	0.62	-0.65	-0.14	-10.00	-1.47	0.83	-0.78
scoring matrix:
A	-0.25	0.48	0.56	-0.92	-1.13	0.64	-1.22	-0.06	-2.57	0.02	0.10	-3.73	-0.15	-3.08	0.98	0.42	-2.15	0.38	-1.80	-2.23	-1.13	-0.83	-2.24	-4.38	-0.10	1.02	1.03	-3.37	-1.22
T	-1.02	-0.13	0.31	0.54	1.02	-0.84	0.63	0.41	0.77	0.13	0.80	-4.12	-0.23	-3.46	-2.82	-1.98	1.09	-0.72	0.58	0.85	1.11	0.26	-0.26	-1.90	0.27	-10.00	-2.21	0.84	0.68
C	0.52	0.08	-1.58	0.52	-0.16	-1.27	0.69	0.22	0.65	0.23	-1.76	1.07	0.59	1.48	-1.21	-2.41	-2.61	-2.40	-0.18	0.23	-1.45	0.56	-3.26	1.05	0.29	-1.99	-10.00	0.63	0.68
G	0.31	-1.94	-2.03	-0.78	-3.43	-0.14	-2.16	-1.14	-2.05	-0.52	-1.95	0.43	-0.32	-2.27	-3.43	0.58	-0.34	0.45	0.31	-0.73	-1.46	-0.22	1.10	0.40	-0.67	-3.09	-4.12	-4.10	-3.50
scoring matrix:
A	-10.00	0.94	-10.00	0.14	-10.00	-1.64	-10.00	1.04	-4.41	-1.27	1.05	-4.41	0.81	-3.76	-1.71	-0.86	-2.74	-0.60	0.49	-10.00	0.01	-1.74	-2.54	-0.39	-3.69
T	1.27	-0.84	0.87	-0.16	0.51	0.05	-10.00	-10.00	0.76	-10.00	-10.00	0.82	-1.45	1.15	0.51	-0.71	1.07	0.11	-0.43	1.28	0.40	0.62	1.24	0.25	-0.06
C	-1.75	-10.00	0.54	-10.00	0.59	0.16	-10.00	-10.00	0.77	-3.93	-10.00	0.70	-1.99	-2.90	0.11	-0.46	-0.34	-0.12	-0.84	-2.87	-0.95	0.73	-1.57	0.46	-0.62
G	-4.06	-4.06	-2.03	0.52	-0.12	0.61	1.33	-10.00	-4.12	1.26	-10.00	-10.00	-0.40	-0.49	0.24	0.92	-1.08	0.45	-0.07	-3.06	-0.04	-1.57	-4.05	-0.45	0.95
scoring matrix:
A	-0.50	0.03	0.10	-0.48	0.67	0.30	-1.55	0.98	0.97	0.64	0.29	0.68	0.35	-0.38	0.76	0.09	-2.91	-4.65	-0.80	-1.40	0.65	-2.11	0.42	0.55	-0.02	-0.99	-4.61	-0.01	-0.07
T	0.49	-0.40	-10.00	0.00	-1.46	-4.38	0.20	-10.00	-3.03	-1.32	-1.89	-3.71	-1.62	-0.30	-0.69	-0.78	0.21	1.35	0.22	-0.26	-1.16	0.26	-1.02	-0.59	-0.77	0.09	1.10	-0.49	-0.45
C	0.60	-0.84	0.39	0.65	-4.15	-0.01	1.00	-1.23	-1.23	-3.48	-0.40	-0.12	-1.18	-0.60	-0.30	-0.06	1.22	-3.48	-0.77	1.20	-10.00	0.66	-0.59	-0.29	0.34	0.00	-0.04	-0.11	0.92
G	-1.74	0.56	0.38	-0.28	0.22	0.42	-0.94	-1.33	-1.43	0.25	0.51	-0.29	0.59	0.72	-2.01	0.39	-4.35	-3.28	0.65	-1.17	0.20	0.07	0.26	-0.45	0.22	0.56	-1.62	0.41	-1.67
scoring matrix:
A	-0.66	-0.65	0.90	-0.06	-0.03	-4.58	0.30	-1.85	-1.80	-2.58	-0.89	-0.89	-0.36	0.22	-3.49	-0.57
T	0.01	-4.30	-10.00	-1.53	-2.98	1.33	-0.53	1.24	1.14	0.40	-2.76	-2.44	-0.18	-0.02	1.12	0.30
C	-0.53	1.31	-0.81	-0.75	-2.08	-2.36	0.05	-2.36	-0.98	1.03	1.42	1.21	0.09	-1.68	0.01	0.21
G	0.67	-1.14	-0.94	0.82	0.97	-10.00	-0.10	-1.50	-1.04	-1.67	-2.73	-0.32	0.41	0.28	-4.25	0.02
scoring matrix:
A	0.09	0.69	0.11	0.73	0.72	-0.15	-0.74	-2.42	-0.81	-0.47	-0.51	-0.75	-0.30	-1.06	-0.70	0.87	0.66	0.03	0.13	-10.00	-0.30	-0.25	-0.03	-1.29	0.66
T	-0.98	-0.31	-2.16	-2.60	-10.00	0.25	0.72	1.17	0.54	0.49	-1.97	-0.76	-1.66	-1.86	-0.43	-3.17	-0.92	-2.92	-0.90	0.97	-0.31	-1.12	-0.81	0.30	-4.09
C	0.81	-1.57	-1.50	-0.67	-0.26	0.13	0.07	-0.51	0.61	-0.36	0.38	1.09	1.12	-1.91	0.67	-0.68	-0.30	-0.51	-0.12	0.39	-0.10	0.12	0.80	0.71	-0.14
G	-0.92	-0.72	0.81	-0.28	-0.37	-0.25	-0.66	-2.13	-1.24	0.08	0.70	-0.54	-0.88	1.19	0.22	-0.97	-0.66	0.78	0.40	-2.81	0.53	0.61	-0.63	-0.34	-0.33
Start Probabilities	0.71	0.04	0.22	0.01	0.01	0.01	0.00	0.00	0.00	
Ending Probabilities	0.00	0.00	0.01	0.03	0.03	0.20	0.03	0.39	1.00	
Trasnition Probability Matrix
0.00	0.60	0.35	0.03	0.00	0.00	0.00	0.00	0.00	
0.00	0.00	1.00	0.00	0.00	0.00	0.00	0.00	0.00	
0.00	0.00	0.00	0.88	0.07	0.03	0.02	0.00	0.00	
0.00	0.00	0.00	0.00	0.74	0.15	0.00	0.06	0.02	
0.00	0.00	0.00	0.00	0.00	0.90	0.05	0.01	0.02	
0.00	0.00	0.00	0.00	0.00	0.00	0.54	0.25	0.01	
0.00	0.00	0.00	0.00	0.00	0.00	0.00	0.94	0.03	
0.00	0.00	0.00	0.00	0.00	0.00	0.00	0.00	0.61	
0.00	0.00	0.00	0.00	0.00	0.00	0.00	0.00	0.00	
Window size:39
Gap length:400
Match score cuttof:13.75
++++++++++++++++++++++++++++++++++++++++++++++++++++++
######################################################
Start Probability:0.04	0.96	0.00
End Probability:0.22	0.10	0.68
Transition Probability:
0.23	0.03	0.74
0.62	0.15	0.22
0.80	0.20	0.00
Gap Length:10000
